5.000, 0.000
5.010, 0.000
5.020, 0.000
5.030, 0.000
5.040, 0.000
5.050, 0.000
5.060, 0.000
5.070, 0.000
5.080, 0.000
5.090, 0.000
5.100, 0.000
5.110, 0.000
5.120, 0.000
5.130, 0.000
5.140, 0.000
5.150, 0.000
5.160, 0.000
5.170, 0.000
5.180, 0.000
5.190, 0.000
5.200, 0.000
5.210, 0.000
5.220, 0.000
5.230, 0.000
5.240, 0.000
5.250, 0.000
5.260, 0.000
5.270, 0.000
5.280, 0.000
5.290, 0.000
5.300, 0.000
5.310, 0.000
5.320, 0.000
5.330, 0.000
5.340, 0.000
5.350, 0.000
5.360, 0.000
5.370, 0.000
5.380, 0.000
5.390, 0.000
5.400, 0.000
5.410, 0.000
5.420, 0.000
5.430, 0.000
5.440, 0.000
5.450, 0.000
5.460, 0.000
5.470, 0.000
5.480, 0.000
5.490, 0.000
5.500, 0.000
5.510, 0.000
5.520, 0.000
5.530, 0.000
5.540, 0.000
5.550, 0.000
5.560, 0.000
5.570, 0.000
5.580, 0.000
5.590, 0.000
5.600, 0.000
5.610, 0.000
5.620, 0.000
5.630, 0.000
5.640, 0.000
5.650, 0.000
5.660, 0.000
5.670, 0.000
5.680, 0.000
5.690, 0.000
5.700, 0.000
5.710, 0.000
5.720, 0.000
5.730, 0.000
5.740, 0.000
5.750, 0.000
5.760, 0.000
5.770, 0.000
5.780, 0.000
5.790, 0.000
5.800, 0.000
5.810, 0.000
5.820, 0.000
5.830, 0.000
5.840, 0.000
5.850, 0.000
5.860, 0.000
5.870, 0.000
5.880, 0.000
5.890, 0.000
5.900, 0.000
5.910, 0.000
5.920, 0.000
5.930, 0.000
5.940, 0.000
5.950, 0.000
5.960, 0.000
5.970, 0.000
5.980, 0.000
5.990, 0.000
6.000, 0.000
6.010, 0.000
6.020, 0.000
6.030, 0.000
6.040, 0.000
6.050, 0.000
6.060, 0.000
6.070, 0.000
6.080, 0.000
6.090, 0.000
6.100, 0.000
6.110, 0.000
6.120, 0.000
6.130, 0.000
6.140, 0.000
6.150, 0.000
6.160, 0.000
6.170, 0.000
6.180, 0.000
6.190, 0.000
6.200, 0.000
6.210, 0.000
6.220, 0.000
6.230, 0.000
6.240, 0.000
6.250, 0.000
6.260, 0.000
6.270, 0.000
6.280, 0.000
6.290, 0.000
6.300, 0.000
6.310, 0.000
6.320, 0.000
6.330, 0.000
6.340, 0.000
6.350, 0.000
6.360, 0.000
6.370, 0.000
6.380, 0.000
6.390, 0.000
6.400, 0.000
6.410, 0.000
6.420, 0.000
6.430, 0.000
6.440, 0.000
6.450, 0.000
6.460, 0.000
6.470, 0.000
6.480, 0.000
6.490, 0.000
6.500, 0.000
6.510, 0.000
6.520, 0.000
6.530, 0.000
6.540, 0.000
6.550, 0.000
6.560, 0.000
6.570, 0.000
6.580, 0.000
6.590, 0.000
6.600, 0.000
6.610, 0.000
6.620, 0.000
6.630, 0.000
6.640, 0.000
6.650, 0.000
6.660, 0.000
6.670, 0.000
6.680, 0.000
6.690, 0.000
6.700, 0.000
6.710, 0.000
6.720, 0.000
6.730, 0.000
6.740, 0.000
6.750, 0.000
6.760, 0.000
6.770, 0.000
6.780, 0.000
6.790, 0.000
6.800, 0.000
6.810, 0.000
6.820, 0.000
6.830, 0.000
6.840, 0.000
6.850, 0.000
6.860, 0.000
6.870, 0.000
6.880, 0.000
6.890, 0.000
6.900, 0.000
6.910, 0.000
6.920, 0.000
6.930, 0.000
6.940, 0.000
6.950, 0.000
6.960, 0.000
6.970, 0.000
6.980, 0.000
6.990, 0.000
7.000, 0.000
7.010, 0.000
7.020, 0.000
7.030, 0.000
7.040, 0.000
7.050, 0.000
7.060, 0.000
7.070, 0.000
7.080, 0.000
7.090, 0.000
7.100, 0.000
7.110, 0.000
7.120, 0.000
7.130, 0.000
7.140, 0.000
7.150, 0.000
7.160, 0.000
7.170, 0.000
7.180, 0.000
7.190, 0.000
7.200, 0.000
7.210, 0.000
7.220, 0.000
7.230, 0.000
7.240, 0.000
7.250, 0.000
7.260, 0.000
7.270, 0.000
7.280, 0.000
7.290, 0.000
7.300, 0.000
7.310, 0.000
7.320, 0.000
7.330, 0.000
7.340, 0.000
7.350, 0.000
7.360, 0.000
7.370, 0.000
7.380, 0.000
7.390, 0.000
7.400, 0.000
7.410, 0.000
7.420, 0.000
7.430, 0.000
7.440, 0.000
7.450, 0.000
7.460, 0.000
7.470, 0.000
7.480, 0.000
7.490, 0.000
7.500, 0.000
7.510, 0.000
7.520, 0.000
7.530, 0.000
7.540, 0.000
7.550, 0.000
7.560, 0.000
7.570, 0.000
7.580, 0.000
7.590, 0.000
7.600, 0.000
7.610, 0.000
7.620, 0.000
7.630, 0.000
7.640, 0.000
7.650, 0.000
7.660, 0.000
7.670, 0.000
7.680, 0.000
7.690, 0.000
7.700, 0.000
7.710, 0.000
7.720, 0.000
7.730, 0.000
7.740, 0.000
7.750, 0.000
7.760, 0.000
7.770, 0.000
7.780, 0.000
7.790, 0.000
7.800, 0.000
7.810, 0.000
7.820, 0.000
7.830, 0.000
7.840, 0.000
7.850, 0.000
7.860, 0.000
7.870, 0.000
7.880, 0.000
7.890, 0.000
7.900, 0.000
7.910, 0.000
7.920, 0.000
7.930, 0.000
7.940, 0.000
7.950, 0.000
7.960, 0.000
7.970, 0.000
7.980, 0.000
7.990, 0.000
8.000, 0.000
8.010, 0.000
8.020, 0.000
8.030, 0.000
8.040, 0.000
8.050, 0.000
8.060, 0.000
8.070, 0.000
8.080, 0.000
8.090, 0.000
8.100, 0.000
8.110, 0.000
8.120, 0.000
8.130, 0.000
8.140, 0.000
8.150, 0.000
8.160, 0.000
8.170, 0.000
8.180, 0.000
8.190, 0.000
8.200, 0.000
8.210, 0.000
8.220, 0.000
8.230, 0.000
8.240, 0.000
8.250, 0.000
8.260, 0.000
8.270, 0.000
8.280, 0.000
8.290, 0.000
8.300, 0.000
8.310, 0.000
8.320, 0.000
8.330, 0.000
8.340, 0.000
8.350, 0.000
8.360, 0.000
8.370, 0.000
8.380, 0.000
8.390, 0.000
8.400, 0.000
8.410, 0.000
8.420, 0.000
8.430, 0.000
8.440, 0.000
8.450, 0.000
8.460, 0.000
8.470, 0.000
8.480, 0.000
8.490, 0.000
8.500, 0.000
8.510, 0.000
8.520, 0.000
8.530, 0.000
8.540, 0.000
8.550, 0.000
8.560, 0.000
8.570, 0.000
8.580, 0.000
8.590, 0.000
8.600, 0.000
8.610, 0.000
8.620, 0.000
8.630, 0.000
8.640, 0.000
8.650, 0.000
8.660, 0.000
8.670, 0.000
8.680, 0.000
8.690, 0.000
8.700, 0.000
8.710, 0.000
8.720, 0.000
8.730, 0.000
8.740, 0.000
8.750, 0.000
8.760, 0.000
8.770, 0.000
8.780, 0.000
8.790, 0.000
8.800, 0.000
8.810, 0.000
8.820, 0.000
8.830, 0.000
8.840, 0.000
8.850, 0.000
8.860, 0.000
8.870, 0.000
8.880, 0.000
8.890, 0.000
8.900, 0.000
8.910, 0.000
8.920, 0.000
8.930, 0.000
8.940, 0.000
8.950, 0.000
8.960, 0.000
8.970, 0.000
8.980, 0.000
8.990, 0.000
9.000, 0.000
9.010, 0.000
9.020, 0.000
9.030, 0.000
9.040, 0.000
9.050, 0.000
9.060, 0.000
9.070, 0.000
9.080, 0.000
9.090, 0.000
9.100, 0.000
9.110, 0.000
9.120, 0.000
9.130, 0.000
9.140, 0.000
9.150, 0.000
9.160, 0.000
9.170, 0.000
9.180, 0.000
9.190, 0.000
9.200, 0.000
9.210, 0.000
9.220, 0.000
9.230, 0.000
9.240, 0.000
9.250, 0.000
9.260, 0.000
9.270, 0.000
9.280, 0.000
9.290, 0.000
9.300, 0.000
9.310, 0.000
9.320, 0.000
9.330, 0.000
9.340, 0.000
9.350, 0.000
9.360, 0.000
9.370, 0.000
9.380, 0.000
9.390, 0.000
9.400, 0.000
9.410, 0.000
9.420, 0.000
9.430, 0.000
9.440, 0.000
9.450, 0.000
9.460, 0.000
9.470, 0.000
9.480, 0.000
9.490, 0.000
9.500, 0.000
9.510, 0.000
9.520, 0.000
9.530, 0.000
9.540, 0.000
9.550, 0.000
9.560, 0.000
9.570, 0.000
9.580, 0.000
9.590, 0.000
9.600, 0.000
9.610, 0.000
9.620, 0.000
9.630, 0.000
9.640, 0.000
9.650, 0.000
9.660, 0.000
9.670, 0.000
9.680, 0.000
9.690, 0.000
9.700, 0.000
9.710, 0.000
9.720, 0.000
9.730, 0.000
9.740, 0.000
9.750, 0.000
9.760, 0.000
9.770, 0.000
9.780, 0.000
9.790, 0.000
9.800, 0.000
9.810, 0.000
9.820, 0.000
9.830, 0.000
9.840, 0.000
9.850, 0.000
9.860, 0.000
9.870, 0.000
9.880, 0.000
9.890, 0.000
9.900, 0.000
9.910, 0.000
9.920, 0.000
9.930, 0.000
9.940, 0.000
9.950, 0.000
9.960, 0.000
9.970, 0.000
9.980, 0.000
9.990, 0.000
10.000, 0.000
10.010, 0.000
10.020, 0.000
10.030, 0.000
10.040, 0.000
10.050, 0.000
10.060, 0.000
10.070, 0.000
10.080, 0.000
10.090, 0.000
10.100, 0.000
10.110, 0.000
10.120, 0.000
10.130, 0.000
10.140, 0.000
10.150, 0.000
10.160, 0.000
10.170, 0.000
10.180, 0.000
10.190, 0.000
10.200, 0.000
10.210, 0.000
10.220, 0.000
10.230, 0.000
10.240, 0.000
10.250, 0.000
10.260, 0.000
10.270, 0.000
10.280, 0.000
10.290, 0.000
10.300, 0.000
10.310, 0.000
10.320, 0.000
10.330, 0.000
10.340, 0.000
10.350, 0.000
10.360, 0.000
10.370, 0.000
10.380, 0.000
10.390, 0.000
10.400, 0.000
10.410, 0.000
10.420, 0.000
10.430, 0.000
10.440, 0.000
10.450, 0.000
10.460, 0.000
10.470, 0.000
10.480, 0.000
10.490, 0.000
10.500, 0.000
10.510, 0.000
10.520, 0.000
10.530, 0.000
10.540, 0.000
10.550, 0.000
10.560, 0.000
10.570, 0.000
10.580, 0.000
10.590, 0.000
10.600, 0.000
10.610, 0.000
10.620, 0.000
10.630, 0.000
10.640, 0.000
10.650, 0.000
10.660, 0.000
10.670, 0.000
10.680, 0.000
10.690, 0.000
10.700, 0.000
10.710, 0.000
10.720, 0.000
10.730, 0.000
10.740, 0.000
10.750, 0.000
10.760, 0.000
10.770, 0.000
10.780, 0.000
10.790, 0.000
10.800, 0.000
10.810, 0.000
10.820, 0.000
10.830, 0.000
10.840, 0.000
10.850, 0.000
10.860, 0.000
10.870, 0.000
10.880, 0.000
10.890, 0.000
10.900, 0.000
10.910, 0.000
10.920, 0.000
10.930, 0.000
10.940, 0.000
10.950, 0.000
10.960, 0.000
10.970, 0.000
10.980, 0.000
10.990, 0.000
11.000, 0.000
11.010, 0.000
11.020, 0.000
11.030, 0.000
11.040, 0.000
11.050, 0.000
11.060, 0.000
11.070, 0.000
11.080, 0.000
11.090, 0.000
11.100, 0.000
11.110, 0.000
11.120, 0.000
11.130, 0.000
11.140, 0.000
11.150, 0.000
11.160, 0.000
11.170, 0.000
11.180, 0.000
11.190, 0.000
11.200, 0.000
11.210, 0.000
11.220, 0.000
11.230, 0.000
11.240, 0.000
11.250, 0.000
11.260, 0.000
11.270, 0.000
11.280, 0.000
11.290, 0.000
11.300, 0.000
11.310, 0.000
11.320, 0.000
11.330, 0.000
11.340, 0.000
11.350, 0.000
11.360, 0.000
11.370, 0.000
11.380, 0.000
11.390, 0.000
11.400, 0.000
11.410, 0.000
11.420, 0.000
11.430, 0.000
11.440, 0.000
11.450, 0.000
11.460, 0.000
11.470, 0.000
11.480, 0.000
11.490, 0.000
11.500, 0.000
11.510, 0.000
11.520, 0.000
11.530, 0.000
11.540, 0.000
11.550, 0.000
11.560, 0.000
11.570, 0.000
11.580, 0.000
11.590, 0.000
11.600, 0.000
11.610, 0.000
11.620, 0.000
11.630, 0.000
11.640, 0.000
11.650, 0.000
11.660, 0.000
11.670, 0.000
11.680, 0.000
11.690, 0.000
11.700, 0.000
11.710, 0.000
11.720, 0.000
11.730, 0.000
11.740, 0.000
11.750, 0.000
11.760, 0.000
11.770, 0.000
11.780, 0.000
11.790, 0.000
11.800, 0.000
11.810, 0.000
11.820, 0.000
11.830, 0.000
11.840, 0.000
11.850, 0.000
11.860, 0.000
11.870, 0.000
11.880, 0.000
11.890, 0.000
11.900, 0.000
11.910, 0.000
11.920, 0.000
11.930, 0.000
11.940, 0.000
11.950, 0.000
11.960, 0.000
11.970, 0.000
11.980, 0.000
11.990, 0.000
12.000, 0.000
12.010, 0.000
12.020, 0.000
12.030, 0.000
12.040, 0.000
12.050, 0.000
12.060, 0.000
12.070, 0.000
12.080, 0.000
12.090, 0.000
12.100, 0.000
12.110, 0.000
12.120, 0.000
12.130, 0.000
12.140, 0.000
12.150, 0.000
12.160, 0.000
12.170, 0.000
12.180, 0.000
12.190, 0.000
12.200, 0.000
12.210, 0.000
12.220, 0.000
12.230, 0.000
12.240, 0.000
12.250, 0.000
12.260, 0.000
12.270, 0.000
12.280, 0.000
12.290, 0.000
12.300, 0.000
12.310, 0.000
12.320, 0.000
12.330, 0.000
12.340, 0.000
12.350, 0.000
12.360, 0.000
12.370, 0.000
12.380, 0.000
12.390, 0.000
12.400, 0.000
12.410, 0.000
12.420, 0.000
12.430, 0.000
12.440, 0.000
12.450, 0.000
12.460, 0.000
12.470, 0.000
12.480, 0.000
12.490, 0.000
12.500, 0.000
12.510, 0.000
12.520, 0.000
12.530, 0.000
12.540, 0.000
12.550, 0.000
12.560, 0.000
12.570, 0.000
12.580, 0.000
12.590, 0.000
12.600, 0.000
12.610, 0.000
12.620, 0.000
12.630, 0.000
12.640, 0.000
12.650, 0.000
12.660, 0.000
12.670, 0.000
12.680, 0.000
12.690, 0.000
12.700, 0.000
12.710, 0.000
12.720, 0.000
12.730, 0.000
12.740, 0.000
12.750, 0.000
12.760, 0.000
12.770, 0.000
12.780, 0.000
12.790, 0.000
12.800, 0.000
12.810, 0.000
12.820, 0.000
12.830, 0.000
12.840, 0.000
12.850, 0.000
12.860, 0.000
12.870, 0.000
12.880, 0.000
12.890, 0.000
12.900, 0.000
12.910, 0.000
12.920, 0.000
12.930, 0.000
12.940, 0.000
12.950, 0.000
12.960, 0.000
12.970, 0.000
12.980, 0.000
12.990, 0.000
13.000, 0.000
13.010, 0.000
13.020, 0.000
13.030, 0.000
13.040, 0.000
13.050, 0.000
13.060, 0.000
13.070, 0.000
13.080, 0.000
13.090, 0.000
13.100, 0.000
13.110, 0.000
13.120, 0.000
13.130, 0.000
13.140, 0.000
13.150, 0.000
13.160, 0.000
13.170, 0.000
13.180, 0.000
13.190, 0.000
13.200, 0.000
13.210, 0.000
13.220, 0.000
13.230, 0.000
13.240, 0.000
13.250, 0.000
13.260, 0.000
13.270, 0.000
13.280, 0.000
13.290, 0.000
13.300, 0.000
13.310, 0.000
13.320, 0.000
13.330, 0.000
13.340, 0.000
13.350, 0.000
13.360, 0.000
13.370, 0.000
13.380, 0.000
13.390, 0.000
13.400, 0.000
13.410, 0.000
13.420, 0.000
13.430, 0.000
13.440, 0.000
13.450, 0.000
13.460, 0.000
13.470, 0.000
13.480, 0.000
13.490, 0.000
13.500, 0.000
13.510, 0.000
13.520, 0.000
13.530, 0.000
13.540, 0.000
13.550, 0.000
13.560, 0.000
13.570, 0.000
13.580, 0.000
13.590, 0.000
13.600, 0.000
13.610, 0.000
13.620, 0.000
13.630, 0.000
13.640, 0.000
13.650, 0.000
13.660, 0.000
13.670, 0.000
13.680, 0.000
13.690, 0.000
13.700, 0.000
13.710, 0.000
13.720, 0.000
13.730, 0.000
13.740, 0.000
13.750, 0.000
13.760, 0.000
13.770, 0.000
13.780, 0.000
13.790, 0.000
13.800, 0.000
13.810, 0.000
13.820, 0.000
13.830, 0.000
13.840, 0.000
13.850, 0.000
13.860, 0.000
13.870, 0.000
13.880, 0.000
13.890, 0.000
13.900, 0.000
13.910, 0.000
13.920, 0.000
13.930, 0.000
13.940, 0.000
13.950, 0.000
13.960, 0.000
13.970, 0.000
13.980, 0.000
13.990, 0.000
14.000, 0.000
14.010, 0.000
14.020, 0.000
14.030, 0.000
14.040, 0.000
14.050, 0.000
14.060, 0.000
14.070, 0.000
14.080, 0.000
14.090, 0.000
14.100, 0.000
14.110, 0.000
14.120, 0.000
14.130, 0.000
14.140, 0.000
14.150, 0.000
14.160, 0.000
14.170, 0.000
14.180, 0.000
14.190, 0.000
14.200, 0.000
14.210, 0.000
14.220, 0.000
14.230, 0.000
14.240, 0.000
14.250, 0.000
14.260, 0.000
14.270, 0.000
14.280, 0.000
14.290, 0.000
14.300, 0.000
14.310, 0.000
14.320, 0.000
14.330, 0.000
14.340, 0.000
14.350, 0.000
14.360, 0.000
14.370, 0.000
14.380, 0.000
14.390, 0.000
14.400, 0.000
14.410, 0.000
14.420, 0.000
14.430, 0.000
14.440, 0.000
14.450, 0.000
14.460, 0.000
14.470, 0.000
14.480, 0.000
14.490, 0.000
14.500, 0.000
14.510, 0.000
14.520, 0.000
14.530, 0.000
14.540, 0.000
14.550, 0.000
14.560, 0.000
14.570, 0.000
14.580, 0.000
14.590, 0.000
14.600, 0.000
14.610, 0.000
14.620, 0.000
14.630, 0.000
14.640, 0.000
14.650, 0.000
14.660, 0.000
14.670, 0.000
14.680, 0.000
14.690, 0.000
14.700, 0.000
14.710, 0.000
14.720, 0.000
14.730, 0.000
14.740, 0.000
14.750, 0.000
14.760, 0.000
14.770, 0.000
14.780, 0.000
14.790, 0.000
14.800, 0.000
14.810, 0.000
14.820, 0.000
14.830, 0.000
14.840, 0.000
14.850, 0.000
14.860, 0.000
14.870, 0.000
14.880, 0.000
14.890, 0.000
14.900, 0.000
14.910, 0.000
14.920, 0.000
14.930, 0.000
14.940, 0.000
14.950, 0.000
14.960, 0.000
14.970, 0.000
14.980, 0.000
14.990, 0.000
15.000, 0.000
15.010, 0.000
15.020, 0.000
15.030, 0.000
15.040, 0.000
15.050, 0.000
15.060, 0.000
15.070, 0.000
15.080, 0.000
15.090, 0.000
15.100, 0.000
15.110, 0.000
15.120, 0.000
15.130, 0.000
15.140, 0.000
15.150, 0.000
15.160, 0.000
15.170, 0.000
15.180, 0.000
15.190, 0.000
15.200, 0.000
15.210, 0.000
15.220, 0.000
15.230, 0.000
15.240, 0.000
15.250, 0.000
15.260, 0.000
15.270, 0.000
15.280, 0.000
15.290, 0.000
15.300, 0.000
15.310, 0.000
15.320, 0.000
15.330, 0.000
15.340, 0.000
15.350, 0.000
15.360, 0.000
15.370, 0.000
15.380, 0.000
15.390, 0.000
15.400, 0.000
15.410, 0.000
15.420, 0.000
15.430, 0.000
15.440, 0.000
15.450, 0.000
15.460, 0.000
15.470, 0.000
15.480, 0.000
15.490, 0.000
15.500, 0.000
15.510, 0.000
15.520, 0.000
15.530, 0.000
15.540, 0.000
15.550, 0.000
15.560, 0.000
15.570, 0.000
15.580, 0.000
15.590, 0.000
15.600, 0.000
15.610, 0.000
15.620, 0.000
15.630, 0.000
15.640, 0.000
15.650, 0.000
15.660, 0.000
15.670, 0.000
15.680, 0.000
15.690, 0.000
15.700, 0.000
15.710, 0.000
15.720, 0.000
15.730, 0.000
15.740, 0.000
15.750, 0.000
15.760, 0.000
15.770, 0.000
15.780, 0.000
15.790, 0.000
15.800, 0.000
15.810, 0.000
15.820, 0.000
15.830, 0.000
15.840, 0.000
15.850, 0.000
15.860, 0.000
15.870, 0.000
15.880, 0.000
15.890, 0.000
15.900, 0.000
15.910, 0.000
15.920, 0.000
15.930, 0.000
15.940, 0.000
15.950, 0.000
15.960, 0.000
15.970, 0.000
15.980, 0.000
15.990, 0.000
16.000, 0.000
16.010, 0.000
16.020, 0.000
16.030, 0.000
16.040, 0.000
16.050, 0.000
16.060, 0.000
16.070, 0.000
16.080, 0.000
16.090, 0.000
16.100, 0.000
16.110, 0.000
16.120, 0.000
16.130, 0.000
16.140, 0.000
16.150, 0.000
16.160, 0.000
16.170, 0.000
16.180, 0.000
16.190, 0.000
16.200, 0.000
16.210, 0.000
16.220, 0.000
16.230, 0.000
16.240, 0.000
16.250, 0.000
16.260, 0.000
16.270, 0.000
16.280, 0.000
16.290, 0.000
16.300, 0.000
16.310, 0.000
16.320, 0.000
16.330, 0.000
16.340, 0.000
16.350, 0.000
16.360, 0.000
16.370, 0.000
16.380, 0.000
16.390, 0.000
16.400, 0.000
16.410, 0.000
16.420, 0.000
16.430, 0.000
16.440, 0.000
16.450, 0.000
16.460, 0.000
16.470, 0.000
16.480, 0.000
16.490, 0.000
16.500, 0.000
16.510, 0.000
16.520, 0.000
16.530, 0.000
16.540, 0.000
16.550, 0.000
16.560, 0.000
16.570, 0.000
16.580, 0.000
16.590, 0.000
16.600, 0.000
16.610, 0.000
16.620, 0.000
16.630, 0.000
16.640, 0.000
16.650, 0.000
16.660, 0.000
16.670, 0.000
16.680, 0.000
16.690, 0.000
16.700, 0.000
16.710, 0.000
16.720, 0.000
16.730, 0.000
16.740, 0.000
16.750, 0.000
16.760, 0.000
16.770, 0.000
16.780, 0.000
16.790, 0.000
16.800, 0.000
16.810, 0.000
16.820, 0.000
16.830, 0.000
16.840, 0.000
16.850, 0.000
16.860, 0.000
16.870, 0.000
16.880, 0.000
16.890, 0.000
16.900, 0.000
16.910, 0.000
16.920, 0.000
16.930, 0.000
16.940, 0.000
16.950, 0.000
16.960, 0.000
16.970, 0.000
16.980, 0.000
16.990, 0.000
17.000, 0.000
17.010, 0.000
17.020, 0.000
17.030, 0.000
17.040, 0.000
17.050, 0.000
17.060, 0.000
17.070, 0.000
17.080, 0.000
17.090, 0.000
17.100, 0.000
17.110, 0.000
17.120, 0.000
17.130, 0.000
17.140, 0.000
17.150, 0.000
17.160, 0.000
17.170, 0.000
17.180, 0.000
17.190, 0.000
17.200, 0.000
17.210, 0.000
17.220, 0.000
17.230, 0.000
17.240, 0.000
17.250, 0.000
17.260, 0.000
17.270, 0.000
17.280, 0.000
17.290, 0.000
17.300, 0.000
17.310, 0.000
17.320, 0.000
17.330, 0.000
17.340, 0.000
17.350, 0.000
17.360, 0.000
17.370, 0.000
17.380, 0.000
17.390, 0.000
17.400, 0.000
17.410, 0.000
17.420, 0.000
17.430, 0.000
17.440, 0.000
17.450, 0.000
17.460, 0.000
17.470, 0.000
17.480, 0.000
17.490, 0.000
17.500, 0.000
17.510, 0.000
17.520, 0.000
17.530, 0.000
17.540, 0.000
17.550, 0.000
17.560, 0.000
17.570, 0.000
17.580, 0.000
17.590, 0.000
17.600, 0.000
17.610, 0.000
17.620, 0.000
17.630, 0.000
17.640, 0.000
17.650, 0.000
17.660, 0.000
17.670, 0.000
17.680, 0.000
17.690, 0.000
17.700, 0.000
17.710, 0.000
17.720, 0.000
17.730, 0.000
17.740, 0.000
17.750, 0.000
17.760, 0.000
17.770, 0.000
17.780, 0.000
17.790, 0.000
17.800, 0.000
17.810, 0.000
17.820, 0.000
17.830, 0.000
17.840, 0.000
17.850, 0.000
17.860, 0.000
17.870, 0.000
17.880, 0.000
17.890, 0.000
17.900, 0.000
17.910, 0.000
17.920, 0.000
17.930, 0.000
17.940, 0.000
17.950, 0.000
17.960, 0.000
17.970, 0.000
17.980, 0.000
17.990, 0.000
18.000, 0.000
18.010, 0.000
18.020, 0.000
18.030, 0.000
18.040, 0.000
18.050, 0.000
18.060, 0.000
18.070, 0.000
18.080, 0.000
18.090, 0.000
18.100, 0.000
18.110, 0.000
18.120, 0.000
18.130, 0.000
18.140, 0.000
18.150, 0.000
18.160, 0.000
18.170, 0.000
18.180, 0.000
18.190, 0.000
18.200, 0.000
18.210, 0.000
18.220, 0.000
18.230, 0.000
18.240, 0.000
18.250, 0.000
18.260, 0.000
18.270, 0.000
18.280, 0.000
18.290, 0.000
18.300, 0.000
18.310, 0.000
18.320, 0.000
18.330, 0.000
18.340, 0.000
18.350, 0.000
18.360, 0.000
18.370, 0.000
18.380, 0.000
18.390, 0.000
18.400, 0.000
18.410, 0.000
18.420, 0.000
18.430, 0.000
18.440, 0.000
18.450, 0.000
18.460, 0.000
18.470, 0.000
18.480, 0.000
18.490, 0.000
18.500, 0.000
18.510, 0.000
18.520, 0.000
18.530, 0.000
18.540, 0.000
18.550, 0.000
18.560, 0.000
18.570, 0.000
18.580, 0.000
18.590, 0.000
18.600, 0.000
18.610, 0.000
18.620, 0.000
18.630, 0.000
18.640, 0.000
18.650, 0.000
18.660, 0.000
18.670, 0.000
18.680, 0.000
18.690, 0.000
18.700, 0.000
18.710, 0.000
18.720, 0.000
18.730, 0.000
18.740, 0.000
18.750, 0.000
18.760, 0.000
18.770, 0.000
18.780, 0.000
18.790, 0.000
18.800, 0.000
18.810, 0.000
18.820, 0.000
18.830, 0.000
18.840, 0.000
18.850, 0.000
18.860, 0.000
18.870, 0.000
18.880, 0.000
18.890, 0.000
18.900, 0.000
18.910, 0.000
18.920, 0.000
18.930, 0.000
18.940, 0.000
18.950, 0.000
18.960, 0.000
18.970, 0.000
18.980, 0.000
18.990, 0.000
19.000, 0.000
19.010, 0.000
19.020, 0.000
19.030, 0.000
19.040, 0.000
19.050, 0.000
19.060, 0.000
19.070, 0.000
19.080, 0.000
19.090, 0.000
19.100, 0.000
19.110, 0.000
19.120, 0.000
19.130, 0.000
19.140, 0.000
19.150, 0.000
19.160, 0.000
19.170, 0.000
19.180, 0.000
19.190, 0.000
19.200, 0.000
19.210, 0.000
19.220, 0.000
19.230, 0.000
19.240, 0.000
19.250, 0.000
19.260, 0.000
19.270, 0.000
19.280, 0.000
19.290, 0.000
19.300, 0.000
19.310, 0.000
19.320, 0.000
19.330, 0.000
19.340, 0.000
19.350, 0.000
19.360, 0.000
19.370, 0.000
19.380, 0.000
19.390, 0.000
19.400, 0.000
19.410, 0.000
19.420, 0.000
19.430, 0.000
19.440, 0.000
19.450, 0.000
19.460, 0.000
19.470, 0.000
19.480, 0.000
19.490, 0.000
19.500, 0.000
19.510, 0.000
19.520, 0.000
19.530, 0.000
19.540, 0.000
19.550, 0.000
19.560, 0.000
19.570, 0.000
19.580, 0.000
19.590, 0.000
19.600, 0.000
19.610, 0.000
19.620, 0.000
19.630, 0.000
19.640, 0.000
19.650, 0.000
19.660, 0.000
19.670, 0.000
19.680, 0.000
19.690, 0.000
19.700, 0.000
19.710, 0.000
19.720, 0.000
19.730, 0.000
19.740, 0.000
19.750, 0.000
19.760, 0.000
19.770, 0.000
19.780, 0.000
19.790, 0.000
19.800, 0.000
19.810, 0.000
19.820, 0.000
19.830, 0.000
19.840, 0.000
19.850, 0.000
19.860, 0.000
19.870, 0.000
19.880, 0.000
19.890, 0.000
19.900, 0.000
19.910, 0.000
19.920, 0.000
19.930, 0.000
19.940, 0.000
19.950, 0.000
19.960, 0.000
19.970, 0.000
19.980, 0.000
19.990, 0.000
20.000, 0.000
20.010, 0.000
20.020, 0.000
20.030, 0.000
20.040, 0.000
20.050, 0.000
20.060, 0.000
20.070, 0.000
20.080, 0.000
20.090, 0.000
20.100, 0.000
20.110, 0.000
20.120, 0.000
20.130, 0.000
20.140, 0.000
20.150, 0.000
20.160, 0.000
20.170, 0.000
20.180, 0.000
20.190, 0.000
20.200, 0.000
20.210, 0.000
20.220, 0.000
20.230, 0.000
20.240, 0.000
20.250, 0.000
20.260, 0.000
20.270, 0.000
20.280, 0.000
20.290, 0.000
20.300, 0.000
20.310, 0.000
20.320, 0.000
20.330, 0.000
20.340, 0.000
20.350, 0.000
20.360, 0.000
20.370, 0.000
20.380, 0.000
20.390, 0.000
20.400, 0.000
20.410, 0.000
20.420, 0.000
20.430, 0.000
20.440, 0.000
20.450, 0.000
20.460, 0.000
20.470, 0.000
20.480, 0.000
20.490, 0.000
20.500, 0.000
20.510, 0.000
20.520, 0.000
20.530, 0.000
20.540, 0.000
20.550, 0.000
20.560, 0.000
20.570, 0.000
20.580, 0.000
20.590, 0.000
20.600, 0.000
20.610, 0.000
20.620, 0.000
20.630, 0.000
20.640, 0.000
20.650, 0.000
20.660, 0.000
20.670, 0.000
20.680, 0.000
20.690, 0.000
20.700, 0.000
20.710, 0.000
20.720, 0.000
20.730, 0.000
20.740, 0.000
20.750, 0.000
20.760, 0.000
20.770, 0.000
20.780, 0.000
20.790, 0.000
20.800, 0.000
20.810, 0.000
20.820, 0.000
20.830, 0.000
20.840, 0.000
20.850, 0.000
20.860, 0.000
20.870, 0.000
20.880, 0.000
20.890, 0.000
20.900, 0.000
20.910, 0.000
20.920, 0.000
20.930, 0.000
20.940, 0.000
20.950, 0.000
20.960, 0.000
20.970, 0.000
20.980, 0.000
20.990, 0.000
21.000, 0.000
21.010, 0.000
21.020, 0.000
21.030, 0.000
21.040, 0.000
21.050, 0.000
21.060, 0.000
21.070, 0.000
21.080, 0.000
21.090, 0.000
21.100, 0.000
21.110, 0.000
21.120, 0.000
21.130, 0.000
21.140, 0.000
21.150, 0.000
21.160, 0.000
21.170, 0.000
21.180, 0.000
21.190, 0.000
21.200, 0.000
21.210, 0.000
21.220, 0.000
21.230, 0.000
21.240, 0.000
21.250, 0.000
21.260, 0.000
21.270, 0.000
21.280, 0.000
21.290, 0.000
21.300, 0.000
21.310, 0.000
21.320, 0.000
21.330, 0.000
21.340, 0.000
21.350, 0.000
21.360, 0.000
21.370, 0.000
21.380, 0.000
21.390, 0.000
21.400, 0.000
21.410, 0.000
21.420, 0.000
21.430, 0.000
21.440, 0.000
21.450, 0.000
21.460, 0.000
21.470, 0.000
21.480, 0.000
21.490, 0.000
21.500, 0.000
21.510, 0.000
21.520, 0.000
21.530, 0.000
21.540, 0.000
21.550, 0.000
21.560, 0.000
21.570, 0.000
21.580, 0.000
21.590, 0.000
21.600, 0.000
21.610, 0.000
21.620, 0.000
21.630, 0.000
21.640, 0.000
21.650, 0.000
21.660, 0.000
21.670, 0.000
21.680, 0.000
21.690, 0.000
21.700, 0.000
21.710, 0.000
21.720, 0.000
21.730, 0.000
21.740, 0.000
21.750, 0.000
21.760, 0.000
21.770, 0.000
21.780, 0.000
21.790, 0.000
21.800, 0.000
21.810, 0.000
21.820, 0.000
21.830, 0.000
21.840, 0.000
21.850, 0.000
21.860, 0.000
21.870, 0.000
21.880, 0.000
21.890, 0.000
21.900, 0.000
21.910, 0.000
21.920, 0.000
21.930, 0.000
21.940, 0.000
21.950, 0.000
21.960, 0.000
21.970, 0.000
21.980, 0.000
21.990, 0.000
22.000, 0.000
22.010, 0.000
22.020, 0.000
22.030, 0.000
22.040, 0.000
22.050, 0.000
22.060, 0.000
22.070, 0.000
22.080, 0.000
22.090, 0.000
22.100, 0.000
22.110, 0.000
22.120, 0.000
22.130, 0.000
22.140, 0.000
22.150, 0.000
22.160, 0.000
22.170, 0.000
22.180, 0.000
22.190, 0.000
22.200, 0.000
22.210, 0.000
22.220, 0.000
22.230, 0.000
22.240, 0.000
22.250, 0.000
22.260, 0.000
22.270, 0.000
22.280, 0.000
22.290, 0.000
22.300, 0.000
22.310, 0.000
22.320, 0.000
22.330, 0.000
22.340, 0.000
22.350, 0.000
22.360, 0.000
22.370, 0.000
22.380, 0.000
22.390, 0.000
22.400, 0.000
22.410, 0.000
22.420, 0.000
22.430, 0.000
22.440, 0.000
22.450, 0.000
22.460, 0.000
22.470, 0.000
22.480, 0.000
22.490, 0.000
22.500, 0.000
22.510, 0.000
22.520, 0.000
22.530, 0.000
22.540, 0.000
22.550, 0.000
22.560, 0.000
22.570, 0.000
22.580, 0.000
22.590, 0.000
22.600, 0.000
22.610, 0.000
22.620, 0.000
22.630, 0.000
22.640, 0.000
22.650, 0.000
22.660, 0.000
22.670, 0.000
22.680, 0.000
22.690, 0.000
22.700, 0.000
22.710, 0.000
22.720, 0.000
22.730, 0.000
22.740, 0.000
22.750, 0.000
22.760, 0.000
22.770, 0.000
22.780, 0.000
22.790, 0.000
22.800, 0.000
22.810, 0.000
22.820, 0.000
22.830, 0.000
22.840, 0.000
22.850, 0.000
22.860, 0.000
22.870, 0.000
22.880, 0.000
22.890, 0.000
22.900, 0.000
22.910, 0.000
22.920, 0.000
22.930, 0.000
22.940, 0.000
22.950, 0.000
22.960, 0.000
22.970, 0.000
22.980, 0.000
22.990, 0.000
23.000, 0.000
23.010, 0.000
23.020, 0.000
23.030, 0.000
23.040, 0.000
23.050, 0.000
23.060, 0.000
23.070, 0.000
23.080, 0.000
23.090, 0.000
23.100, 0.000
23.110, 0.000
23.120, 0.000
23.130, 0.000
23.140, 0.000
23.150, 0.000
23.160, 0.000
23.170, 0.000
23.180, 0.000
23.190, 0.000
23.200, 0.000
23.210, 0.000
23.220, 0.000
23.230, 0.000
23.240, 0.000
23.250, 0.000
23.260, 0.000
23.270, 0.000
23.280, 0.000
23.290, 0.000
23.300, 0.000
23.310, 0.000
23.320, 0.000
23.330, 0.000
23.340, 0.000
23.350, 0.000
23.360, 0.000
23.370, 0.000
23.380, 0.000
23.390, 0.000
23.400, 0.000
23.410, 0.000
23.420, 0.000
23.430, 0.000
23.440, 0.000
23.450, 0.000
23.460, 0.000
23.470, 0.000
23.480, 0.000
23.490, 0.000
23.500, 0.000
23.510, 0.000
23.520, 0.000
23.530, 0.000
23.540, 0.000
23.550, 0.000
23.560, 0.000
23.570, 0.000
23.580, 0.000
23.590, 0.000
23.600, 0.000
23.610, 0.000
23.620, 0.000
23.630, 0.000
23.640, 0.000
23.650, 0.000
23.660, 0.000
23.670, 0.000
23.680, 0.000
23.690, 0.000
23.700, 0.000
23.710, 0.000
23.720, 0.000
23.730, 0.000
23.740, 0.000
23.750, 0.000
23.760, 0.000
23.770, 0.000
23.780, 0.000
23.790, 0.000
23.800, 0.000
23.810, 0.000
23.820, 0.000
23.830, 0.000
23.840, 0.000
23.850, 0.000
23.860, 0.000
23.870, 0.000
23.880, 0.000
23.890, 0.000
23.900, 0.000
23.910, 0.000
23.920, 0.000
23.930, 0.000
23.940, 0.000
23.950, 0.000
23.960, 0.000
23.970, 0.001
23.980, 0.004
23.990, 0.010
24.000, 0.025
24.010, 0.061
24.020, 0.140
24.030, 0.300
24.040, 0.606
24.050, 1.156
24.060, 2.078
24.070, 3.523
24.080, 5.633
24.090, 8.502
24.100, 12.117
24.110, 16.323
24.120, 20.810
24.130, 25.150
24.140, 28.877
24.150, 31.592
24.160, 33.050
24.170, 33.201
24.180, 32.171
24.190, 30.196
24.200, 27.543
24.210, 24.456
24.220, 21.130
24.230, 17.722
24.240, 14.376
24.250, 11.229
24.260, 8.408
24.270, 6.012
24.280, 4.091
24.290, 2.642
24.300, 1.617
24.310, 0.936
24.320, 0.512
24.330, 0.264
24.340, 0.129
24.350, 0.059
24.360, 0.026
24.370, 0.010
24.380, 0.004
24.390, 0.001
24.400, 0.001
24.410, 0.000
24.420, 0.000
24.430, 0.000
24.440, 0.000
24.450, 0.000
24.460, 0.000
24.470, 0.000
24.480, 0.000
24.490, 0.000
24.500, 0.000
24.510, 0.000
24.520, 0.000
24.530, 0.000
24.540, 0.000
24.550, 0.000
24.560, 0.000
24.570, 0.000
24.580, 0.000
24.590, 0.000
24.600, 0.000
24.610, 0.000
24.620, 0.000
24.630, 0.000
24.640, 0.000
24.650, 0.000
24.660, 0.000
24.670, 0.000
24.680, 0.000
24.690, 0.000
24.700, 0.000
24.710, 0.000
24.720, 0.000
24.730, 0.000
24.740, 0.000
24.750, 0.000
24.760, 0.000
24.770, 0.000
24.780, 0.000
24.790, 0.000
24.800, 0.000
24.810, 0.000
24.820, 0.000
24.830, 0.000
24.840, 0.000
24.850, 0.000
24.860, 0.000
24.870, 0.000
24.880, 0.000
24.890, 0.000
24.900, 0.000
24.910, 0.000
24.920, 0.000
24.930, 0.000
24.940, 0.000
24.950, 0.000
24.960, 0.000
24.970, 0.000
24.980, 0.000
24.990, 0.000
25.000, 0.000
25.010, 0.000
25.020, 0.000
25.030, 0.000
25.040, 0.000
25.050, 0.000
25.060, 0.000
25.070, 0.000
25.080, 0.000
25.090, 0.000
25.100, 0.000
25.110, 0.000
25.120, 0.000
25.130, 0.000
25.140, 0.000
25.150, 0.000
25.160, 0.000
25.170, 0.000
25.180, 0.000
25.190, 0.000
25.200, 0.000
25.210, 0.000
25.220, 0.000
25.230, 0.000
25.240, 0.000
25.250, 0.000
25.260, 0.000
25.270, 0.000
25.280, 0.000
25.290, 0.000
25.300, 0.000
25.310, 0.000
25.320, 0.000
25.330, 0.000
25.340, 0.000
25.350, 0.000
25.360, 0.000
25.370, 0.000
25.380, 0.000
25.390, 0.000
25.400, 0.000
25.410, 0.000
25.420, 0.000
25.430, 0.000
25.440, 0.000
25.450, 0.000
25.460, 0.000
25.470, 0.000
25.480, 0.000
25.490, 0.000
25.500, 0.000
25.510, 0.000
25.520, 0.000
25.530, 0.000
25.540, 0.000
25.550, 0.000
25.560, 0.000
25.570, 0.000
25.580, 0.000
25.590, 0.000
25.600, 0.000
25.610, 0.000
25.620, 0.000
25.630, 0.000
25.640, 0.000
25.650, 0.000
25.660, 0.000
25.670, 0.000
25.680, 0.000
25.690, 0.000
25.700, 0.000
25.710, 0.000
25.720, 0.000
25.730, 0.000
25.740, 0.000
25.750, 0.000
25.760, 0.000
25.770, 0.000
25.780, 0.000
25.790, 0.000
25.800, 0.000
25.810, 0.000
25.820, 0.000
25.830, 0.000
25.840, 0.000
25.850, 0.000
25.860, 0.000
25.870, 0.000
25.880, 0.000
25.890, 0.000
25.900, 0.000
25.910, 0.000
25.920, 0.000
25.930, 0.000
25.940, 0.000
25.950, 0.000
25.960, 0.000
25.970, 0.000
25.980, 0.000
25.990, 0.000
26.000, 0.000
26.010, 0.000
26.020, 0.000
26.030, 0.000
26.040, 0.000
26.050, 0.000
26.060, 0.000
26.070, 0.000
26.080, 0.000
26.090, 0.000
26.100, 0.000
26.110, 0.000
26.120, 0.000
26.130, 0.000
26.140, 0.000
26.150, 0.000
26.160, 0.000
26.170, 0.000
26.180, 0.000
26.190, 0.000
26.200, 0.000
26.210, 0.000
26.220, 0.000
26.230, 0.000
26.240, 0.000
26.250, 0.000
26.260, 0.000
26.270, 0.000
26.280, 0.000
26.290, 0.000
26.300, 0.000
26.310, 0.000
26.320, 0.000
26.330, 0.000
26.340, 0.000
26.350, 0.000
26.360, 0.000
26.370, 0.000
26.380, 0.000
26.390, 0.000
26.400, 0.000
26.410, 0.000
26.420, 0.000
26.430, 0.000
26.440, 0.000
26.450, 0.000
26.460, 0.000
26.470, 0.000
26.480, 0.000
26.490, 0.000
26.500, 0.000
26.510, 0.000
26.520, 0.000
26.530, 0.000
26.540, 0.000
26.550, 0.000
26.560, 0.000
26.570, 0.000
26.580, 0.000
26.590, 0.000
26.600, 0.000
26.610, 0.000
26.620, 0.000
26.630, 0.000
26.640, 0.000
26.650, 0.000
26.660, 0.000
26.670, 0.000
26.680, 0.000
26.690, 0.000
26.700, 0.000
26.710, 0.000
26.720, 0.000
26.730, 0.000
26.740, 0.000
26.750, 0.000
26.760, 0.000
26.770, 0.000
26.780, 0.000
26.790, 0.000
26.800, 0.000
26.810, 0.000
26.820, 0.000
26.830, 0.000
26.840, 0.000
26.850, 0.000
26.860, 0.000
26.870, 0.000
26.880, 0.000
26.890, 0.000
26.900, 0.000
26.910, 0.000
26.920, 0.000
26.930, 0.000
26.940, 0.000
26.950, 0.000
26.960, 0.000
26.970, 0.000
26.980, 0.000
26.990, 0.000
27.000, 0.000
27.010, 0.000
27.020, 0.000
27.030, 0.000
27.040, 0.000
27.050, 0.000
27.060, 0.000
27.070, 0.000
27.080, 0.000
27.090, 0.000
27.100, 0.000
27.110, 0.000
27.120, 0.000
27.130, 0.000
27.140, 0.000
27.150, 0.000
27.160, 0.000
27.170, 0.000
27.180, 0.000
27.190, 0.000
27.200, 0.000
27.210, 0.000
27.220, 0.000
27.230, 0.000
27.240, 0.000
27.250, 0.000
27.260, 0.000
27.270, 0.000
27.280, 0.000
27.290, 0.000
27.300, 0.000
27.310, 0.000
27.320, 0.000
27.330, 0.000
27.340, 0.000
27.350, 0.000
27.360, 0.000
27.370, 0.000
27.380, 0.000
27.390, 0.000
27.400, 0.000
27.410, 0.000
27.420, 0.000
27.430, 0.000
27.440, 0.000
27.450, 0.000
27.460, 0.000
27.470, 0.000
27.480, 0.000
27.490, 0.000
27.500, 0.000
27.510, 0.000
27.520, 0.000
27.530, 0.000
27.540, 0.000
27.550, 0.000
27.560, 0.000
27.570, 0.000
27.580, 0.000
27.590, 0.000
27.600, 0.000
27.610, 0.000
27.620, 0.000
27.630, 0.000
27.640, 0.000
27.650, 0.000
27.660, 0.000
27.670, 0.000
27.680, 0.000
27.690, 0.000
27.700, 0.000
27.710, 0.000
27.720, 0.000
27.730, 0.000
27.740, 0.000
27.750, 0.000
27.760, 0.000
27.770, 0.000
27.780, 0.000
27.790, 0.000
27.800, 0.000
27.810, 0.000
27.820, 0.000
27.830, 0.000
27.840, 0.000
27.850, 0.000
27.860, 0.000
27.870, 0.000
27.880, 0.000
27.890, 0.000
27.900, 0.000
27.910, 0.000
27.920, 0.000
27.930, 0.000
27.940, 0.000
27.950, 0.000
27.960, 0.000
27.970, 0.000
27.980, 0.000
27.990, 0.000
28.000, 0.000
28.010, 0.000
28.020, 0.000
28.030, 0.000
28.040, 0.000
28.050, 0.000
28.060, 0.000
28.070, 0.000
28.080, 0.000
28.090, 0.000
28.100, 0.000
28.110, 0.000
28.120, 0.000
28.130, 0.000
28.140, 0.000
28.150, 0.000
28.160, 0.000
28.170, 0.000
28.180, 0.000
28.190, 0.000
28.200, 0.000
28.210, 0.000
28.220, 0.000
28.230, 0.000
28.240, 0.000
28.250, 0.000
28.260, 0.000
28.270, 0.000
28.280, 0.000
28.290, 0.000
28.300, 0.000
28.310, 0.000
28.320, 0.000
28.330, 0.000
28.340, 0.000
28.350, 0.000
28.360, 0.000
28.370, 0.000
28.380, 0.000
28.390, 0.000
28.400, 0.000
28.410, 0.000
28.420, 0.000
28.430, 0.000
28.440, 0.000
28.450, 0.000
28.460, 0.000
28.470, 0.000
28.480, 0.000
28.490, 0.000
28.500, 0.000
28.510, 0.000
28.520, 0.000
28.530, 0.000
28.540, 0.000
28.550, 0.000
28.560, 0.000
28.570, 0.000
28.580, 0.000
28.590, 0.000
28.600, 0.000
28.610, 0.000
28.620, 0.000
28.630, 0.000
28.640, 0.000
28.650, 0.000
28.660, 0.000
28.670, 0.000
28.680, 0.000
28.690, 0.000
28.700, 0.000
28.710, 0.000
28.720, 0.000
28.730, 0.000
28.740, 0.000
28.750, 0.000
28.760, 0.000
28.770, 0.000
28.780, 0.000
28.790, 0.000
28.800, 0.000
28.810, 0.000
28.820, 0.000
28.830, 0.000
28.840, 0.000
28.850, 0.000
28.860, 0.000
28.870, 0.000
28.880, 0.000
28.890, 0.000
28.900, 0.000
28.910, 0.000
28.920, 0.000
28.930, 0.000
28.940, 0.000
28.950, 0.000
28.960, 0.000
28.970, 0.000
28.980, 0.000
28.990, 0.000
29.000, 0.000
29.010, 0.000
29.020, 0.000
29.030, 0.000
29.040, 0.000
29.050, 0.000
29.060, 0.000
29.070, 0.000
29.080, 0.000
29.090, 0.000
29.100, 0.000
29.110, 0.000
29.120, 0.000
29.130, 0.000
29.140, 0.000
29.150, 0.000
29.160, 0.000
29.170, 0.000
29.180, 0.000
29.190, 0.000
29.200, 0.000
29.210, 0.000
29.220, 0.000
29.230, 0.000
29.240, 0.000
29.250, 0.000
29.260, 0.000
29.270, 0.000
29.280, 0.000
29.290, 0.000
29.300, 0.000
29.310, 0.000
29.320, 0.000
29.330, 0.000
29.340, 0.000
29.350, 0.000
29.360, 0.000
29.370, 0.000
29.380, 0.000
29.390, 0.000
29.400, 0.000
29.410, 0.000
29.420, 0.000
29.430, 0.000
29.440, 0.000
29.450, 0.000
29.460, 0.000
29.470, 0.000
29.480, 0.000
29.490, 0.000
29.500, 0.000
29.510, 0.000
29.520, 0.000
29.530, 0.000
29.540, 0.000
29.550, 0.000
29.560, 0.000
29.570, 0.000
29.580, 0.000
29.590, 0.000
29.600, 0.000
29.610, 0.000
29.620, 0.000
29.630, 0.000
29.640, 0.000
29.650, 0.000
29.660, 0.000
29.670, 0.000
29.680, 0.000
29.690, 0.000
29.700, 0.000
29.710, 0.000
29.720, 0.000
29.730, 0.000
29.740, 0.000
29.750, 0.000
29.760, 0.000
29.770, 0.000
29.780, 0.000
29.790, 0.000
29.800, 0.000
29.810, 0.000
29.820, 0.000
29.830, 0.000
29.840, 0.000
29.850, 0.000
29.860, 0.000
29.870, 0.000
29.880, 0.000
29.890, 0.000
29.900, 0.000
29.910, 0.000
29.920, 0.000
29.930, 0.000
29.940, 0.000
29.950, 0.000
29.960, 0.000
29.970, 0.000
29.980, 0.000
29.990, 0.000
30.000, 0.000
30.010, 0.000
30.020, 0.000
30.030, 0.000
30.040, 0.000
30.050, 0.000
30.060, 0.000
30.070, 0.000
30.080, 0.000
30.090, 0.000
30.100, 0.000
30.110, 0.000
30.120, 0.000
30.130, 0.000
30.140, 0.000
30.150, 0.000
30.160, 0.000
30.170, 0.000
30.180, 0.000
30.190, 0.000
30.200, 0.000
30.210, 0.000
30.220, 0.000
30.230, 0.000
30.240, 0.000
30.250, 0.000
30.260, 0.000
30.270, 0.000
30.280, 0.000
30.290, 0.000
30.300, 0.000
30.310, 0.000
30.320, 0.000
30.330, 0.000
30.340, 0.000
30.350, 0.000
30.360, 0.000
30.370, 0.000
30.380, 0.000
30.390, 0.000
30.400, 0.000
30.410, 0.000
30.420, 0.000
30.430, 0.000
30.440, 0.000
30.450, 0.000
30.460, 0.000
30.470, 0.000
30.480, 0.000
30.490, 0.000
30.500, 0.000
30.510, 0.000
30.520, 0.000
30.530, 0.000
30.540, 0.000
30.550, 0.000
30.560, 0.000
30.570, 0.000
30.580, 0.000
30.590, 0.000
30.600, 0.000
30.610, 0.000
30.620, 0.000
30.630, 0.000
30.640, 0.000
30.650, 0.000
30.660, 0.000
30.670, 0.000
30.680, 0.000
30.690, 0.000
30.700, 0.000
30.710, 0.000
30.720, 0.000
30.730, 0.000
30.740, 0.000
30.750, 0.000
30.760, 0.000
30.770, 0.000
30.780, 0.000
30.790, 0.000
30.800, 0.000
30.810, 0.000
30.820, 0.000
30.830, 0.000
30.840, 0.000
30.850, 0.000
30.860, 0.000
30.870, 0.000
30.880, 0.000
30.890, 0.000
30.900, 0.000
30.910, 0.000
30.920, 0.000
30.930, 0.000
30.940, 0.000
30.950, 0.000
30.960, 0.000
30.970, 0.000
30.980, 0.000
30.990, 0.000
31.000, 0.000
31.010, 0.000
31.020, 0.000
31.030, 0.000
31.040, 0.000
31.050, 0.000
31.060, 0.000
31.070, 0.000
31.080, 0.000
31.090, 0.000
31.100, 0.000
31.110, 0.000
31.120, 0.000
31.130, 0.000
31.140, 0.000
31.150, 0.000
31.160, 0.000
31.170, 0.000
31.180, 0.000
31.190, 0.000
31.200, 0.000
31.210, 0.000
31.220, 0.000
31.230, 0.000
31.240, 0.000
31.250, 0.000
31.260, 0.000
31.270, 0.000
31.280, 0.000
31.290, 0.000
31.300, 0.000
31.310, 0.000
31.320, 0.000
31.330, 0.000
31.340, 0.000
31.350, 0.000
31.360, 0.000
31.370, 0.000
31.380, 0.000
31.390, 0.000
31.400, 0.000
31.410, 0.000
31.420, 0.000
31.430, 0.000
31.440, 0.000
31.450, 0.000
31.460, 0.000
31.470, 0.000
31.480, 0.000
31.490, 0.000
31.500, 0.000
31.510, 0.000
31.520, 0.000
31.530, 0.000
31.540, 0.000
31.550, 0.000
31.560, 0.000
31.570, 0.000
31.580, 0.000
31.590, 0.000
31.600, 0.000
31.610, 0.000
31.620, 0.000
31.630, 0.000
31.640, 0.000
31.650, 0.000
31.660, 0.000
31.670, 0.000
31.680, 0.000
31.690, 0.000
31.700, 0.000
31.710, 0.000
31.720, 0.000
31.730, 0.000
31.740, 0.000
31.750, 0.000
31.760, 0.000
31.770, 0.000
31.780, 0.000
31.790, 0.000
31.800, 0.000
31.810, 0.000
31.820, 0.000
31.830, 0.000
31.840, 0.000
31.850, 0.000
31.860, 0.000
31.870, 0.000
31.880, 0.000
31.890, 0.000
31.900, 0.000
31.910, 0.000
31.920, 0.000
31.930, 0.000
31.940, 0.000
31.950, 0.000
31.960, 0.000
31.970, 0.000
31.980, 0.000
31.990, 0.000
32.000, 0.000
32.010, 0.000
32.020, 0.000
32.030, 0.000
32.040, 0.000
32.050, 0.000
32.060, 0.000
32.070, 0.000
32.080, 0.000
32.090, 0.000
32.100, 0.000
32.110, 0.000
32.120, 0.000
32.130, 0.000
32.140, 0.000
32.150, 0.000
32.160, 0.000
32.170, 0.000
32.180, 0.000
32.190, 0.000
32.200, 0.000
32.210, 0.000
32.220, 0.000
32.230, 0.000
32.240, 0.000
32.250, 0.000
32.260, 0.000
32.270, 0.000
32.280, 0.000
32.290, 0.000
32.300, 0.000
32.310, 0.000
32.320, 0.000
32.330, 0.000
32.340, 0.000
32.350, 0.000
32.360, 0.000
32.370, 0.000
32.380, 0.000
32.390, 0.000
32.400, 0.000
32.410, 0.000
32.420, 0.000
32.430, 0.000
32.440, 0.000
32.450, 0.000
32.460, 0.000
32.470, 0.000
32.480, 0.000
32.490, 0.000
32.500, 0.000
32.510, 0.000
32.520, 0.000
32.530, 0.000
32.540, 0.000
32.550, 0.000
32.560, 0.000
32.570, 0.000
32.580, 0.000
32.590, 0.000
32.600, 0.000
32.610, 0.000
32.620, 0.000
32.630, 0.000
32.640, 0.000
32.650, 0.000
32.660, 0.000
32.670, 0.000
32.680, 0.000
32.690, 0.000
32.700, 0.000
32.710, 0.000
32.720, 0.000
32.730, 0.000
32.740, 0.000
32.750, 0.000
32.760, 0.000
32.770, 0.000
32.780, 0.000
32.790, 0.000
32.800, 0.000
32.810, 0.000
32.820, 0.000
32.830, 0.000
32.840, 0.000
32.850, 0.000
32.860, 0.000
32.870, 0.000
32.880, 0.000
32.890, 0.000
32.900, 0.000
32.910, 0.000
32.920, 0.000
32.930, 0.000
32.940, 0.000
32.950, 0.000
32.960, 0.001
32.970, 0.004
32.980, 0.012
32.990, 0.030
33.000, 0.074
33.010, 0.171
33.020, 0.379
33.030, 0.793
33.040, 1.574
33.050, 2.962
33.060, 5.285
33.070, 8.943
33.080, 14.349
33.090, 21.834
33.100, 31.515
33.110, 43.163
33.120, 56.121
33.130, 69.322
33.140, 81.446
33.150, 91.174
33.160, 97.505
33.170, 100.000
33.180, 98.883
33.190, 94.939
33.200, 89.248
33.210, 82.854
33.220, 76.482
33.230, 70.413
33.240, 64.535
33.250, 58.525
33.260, 52.080
33.270, 45.088
33.280, 37.696
33.290, 30.260
33.300, 23.225
33.310, 16.994
33.320, 11.831
33.330, 7.827
33.340, 4.917
33.350, 2.931
33.360, 1.657
33.370, 0.889
33.380, 0.452
33.390, 0.218
33.400, 0.100
33.410, 0.043
33.420, 0.018
33.430, 0.007
33.440, 0.003
33.450, 0.001
33.460, 0.000
33.470, 0.000
33.480, 0.000
33.490, 0.000
33.500, 0.000
33.510, 0.000
33.520, 0.000
33.530, 0.000
33.540, 0.000
33.550, 0.000
33.560, 0.000
33.570, 0.000
33.580, 0.000
33.590, 0.000
33.600, 0.000
33.610, 0.000
33.620, 0.000
33.630, 0.000
33.640, 0.000
33.650, 0.000
33.660, 0.000
33.670, 0.000
33.680, 0.000
33.690, 0.000
33.700, 0.000
33.710, 0.000
33.720, 0.000
33.730, 0.000
33.740, 0.000
33.750, 0.000
33.760, 0.000
33.770, 0.000
33.780, 0.000
33.790, 0.000
33.800, 0.000
33.810, 0.000
33.820, 0.000
33.830, 0.000
33.840, 0.000
33.850, 0.000
33.860, 0.000
33.870, 0.000
33.880, 0.000
33.890, 0.000
33.900, 0.000
33.910, 0.000
33.920, 0.000
33.930, 0.000
33.940, 0.000
33.950, 0.000
33.960, 0.000
33.970, 0.000
33.980, 0.000
33.990, 0.000
34.000, 0.000
34.010, 0.000
34.020, 0.000
34.030, 0.000
34.040, 0.000
34.050, 0.000
34.060, 0.000
34.070, 0.000
34.080, 0.000
34.090, 0.000
34.100, 0.000
34.110, 0.000
34.120, 0.000
34.130, 0.000
34.140, 0.000
34.150, 0.000
34.160, 0.000
34.170, 0.000
34.180, 0.000
34.190, 0.000
34.200, 0.000
34.210, 0.000
34.220, 0.000
34.230, 0.000
34.240, 0.000
34.250, 0.000
34.260, 0.000
34.270, 0.000
34.280, 0.000
34.290, 0.000
34.300, 0.000
34.310, 0.000
34.320, 0.000
34.330, 0.000
34.340, 0.000
34.350, 0.000
34.360, 0.000
34.370, 0.000
34.380, 0.000
34.390, 0.000
34.400, 0.000
34.410, 0.000
34.420, 0.000
34.430, 0.000
34.440, 0.000
34.450, 0.000
34.460, 0.000
34.470, 0.000
34.480, 0.000
34.490, 0.000
34.500, 0.000
34.510, 0.000
34.520, 0.000
34.530, 0.000
34.540, 0.000
34.550, 0.000
34.560, 0.000
34.570, 0.000
34.580, 0.000
34.590, 0.000
34.600, 0.000
34.610, 0.000
34.620, 0.000
34.630, 0.000
34.640, 0.000
34.650, 0.000
34.660, 0.000
34.670, 0.000
34.680, 0.000
34.690, 0.000
34.700, 0.000
34.710, 0.000
34.720, 0.000
34.730, 0.000
34.740, 0.000
34.750, 0.000
34.760, 0.000
34.770, 0.000
34.780, 0.000
34.790, 0.000
34.800, 0.000
34.810, 0.000
34.820, 0.000
34.830, 0.000
34.840, 0.000
34.850, 0.000
34.860, 0.000
34.870, 0.000
34.880, 0.000
34.890, 0.000
34.900, 0.000
34.910, 0.000
34.920, 0.000
34.930, 0.000
34.940, 0.000
34.950, 0.000
34.960, 0.000
34.970, 0.000
34.980, 0.000
34.990, 0.000
35.000, 0.000
35.010, 0.000
35.020, 0.000
35.030, 0.000
35.040, 0.000
35.050, 0.000
35.060, 0.000
35.070, 0.000
35.080, 0.000
35.090, 0.000
35.100, 0.000
35.110, 0.000
35.120, 0.000
35.130, 0.000
35.140, 0.000
35.150, 0.000
35.160, 0.000
35.170, 0.000
35.180, 0.000
35.190, 0.000
35.200, 0.000
35.210, 0.000
35.220, 0.000
35.230, 0.000
35.240, 0.000
35.250, 0.000
35.260, 0.000
35.270, 0.000
35.280, 0.000
35.290, 0.000
35.300, 0.000
35.310, 0.000
35.320, 0.000
35.330, 0.000
35.340, 0.000
35.350, 0.000
35.360, 0.000
35.370, 0.000
35.380, 0.000
35.390, 0.000
35.400, 0.000
35.410, 0.000
35.420, 0.000
35.430, 0.001
35.440, 0.002
35.450, 0.006
35.460, 0.015
35.470, 0.036
35.480, 0.085
35.490, 0.191
35.500, 0.405
35.510, 0.818
35.520, 1.567
35.530, 2.852
35.540, 4.928
35.550, 8.085
35.560, 12.598
35.570, 18.643
35.580, 26.206
35.590, 35.003
35.600, 44.442
35.610, 53.677
35.620, 61.740
35.630, 67.746
35.640, 71.105
35.650, 71.672
35.660, 69.783
35.670, 66.140
35.680, 61.606
35.690, 56.955
35.700, 52.684
35.710, 48.925
35.720, 45.500
35.730, 42.065
35.740, 38.282
35.750, 33.964
35.760, 29.140
35.770, 24.029
35.780, 18.965
35.790, 14.284
35.800, 10.248
35.810, 6.995
35.820, 4.539
35.830, 2.799
35.840, 1.640
35.850, 0.912
35.860, 0.482
35.870, 0.242
35.880, 0.115
35.890, 0.052
35.900, 0.022
35.910, 0.009
35.920, 0.004
35.930, 0.001
35.940, 0.000
35.950, 0.000
35.960, 0.000
35.970, 0.000
35.980, 0.000
35.990, 0.000
36.000, 0.000
36.010, 0.000
36.020, 0.000
36.030, 0.000
36.040, 0.000
36.050, 0.000
36.060, 0.000
36.070, 0.000
36.080, 0.000
36.090, 0.000
36.100, 0.000
36.110, 0.000
36.120, 0.000
36.130, 0.000
36.140, 0.000
36.150, 0.000
36.160, 0.000
36.170, 0.000
36.180, 0.000
36.190, 0.000
36.200, 0.000
36.210, 0.000
36.220, 0.000
36.230, 0.000
36.240, 0.000
36.250, 0.000
36.260, 0.000
36.270, 0.000
36.280, 0.000
36.290, 0.000
36.300, 0.000
36.310, 0.000
36.320, 0.000
36.330, 0.000
36.340, 0.000
36.350, 0.000
36.360, 0.000
36.370, 0.000
36.380, 0.000
36.390, 0.000
36.400, 0.000
36.410, 0.000
36.420, 0.000
36.430, 0.000
36.440, 0.000
36.450, 0.000
36.460, 0.000
36.470, 0.000
36.480, 0.000
36.490, 0.000
36.500, 0.000
36.510, 0.000
36.520, 0.000
36.530, 0.000
36.540, 0.000
36.550, 0.000
36.560, 0.000
36.570, 0.000
36.580, 0.000
36.590, 0.000
36.600, 0.000
36.610, 0.000
36.620, 0.000
36.630, 0.000
36.640, 0.000
36.650, 0.000
36.660, 0.000
36.670, 0.000
36.680, 0.000
36.690, 0.000
36.700, 0.000
36.710, 0.000
36.720, 0.000
36.730, 0.000
36.740, 0.000
36.750, 0.000
36.760, 0.000
36.770, 0.000
36.780, 0.000
36.790, 0.000
36.800, 0.000
36.810, 0.000
36.820, 0.000
36.830, 0.000
36.840, 0.000
36.850, 0.000
36.860, 0.000
36.870, 0.000
36.880, 0.000
36.890, 0.000
36.900, 0.000
36.910, 0.000
36.920, 0.000
36.930, 0.000
36.940, 0.000
36.950, 0.000
36.960, 0.000
36.970, 0.000
36.980, 0.000
36.990, 0.000
37.000, 0.000
37.010, 0.000
37.020, 0.000
37.030, 0.000
37.040, 0.000
37.050, 0.000
37.060, 0.000
37.070, 0.000
37.080, 0.000
37.090, 0.000
37.100, 0.000
37.110, 0.000
37.120, 0.000
37.130, 0.000
37.140, 0.000
37.150, 0.000
37.160, 0.000
37.170, 0.000
37.180, 0.000
37.190, 0.000
37.200, 0.000
37.210, 0.000
37.220, 0.000
37.230, 0.000
37.240, 0.000
37.250, 0.000
37.260, 0.000
37.270, 0.000
37.280, 0.000
37.290, 0.000
37.300, 0.000
37.310, 0.000
37.320, 0.000
37.330, 0.000
37.340, 0.000
37.350, 0.000
37.360, 0.000
37.370, 0.000
37.380, 0.000
37.390, 0.000
37.400, 0.000
37.410, 0.000
37.420, 0.000
37.430, 0.000
37.440, 0.000
37.450, 0.000
37.460, 0.000
37.470, 0.000
37.480, 0.000
37.490, 0.000
37.500, 0.000
37.510, 0.000
37.520, 0.000
37.530, 0.000
37.540, 0.000
37.550, 0.000
37.560, 0.000
37.570, 0.000
37.580, 0.000
37.590, 0.000
37.600, 0.000
37.610, 0.000
37.620, 0.000
37.630, 0.000
37.640, 0.000
37.650, 0.000
37.660, 0.000
37.670, 0.000
37.680, 0.000
37.690, 0.000
37.700, 0.000
37.710, 0.000
37.720, 0.000
37.730, 0.000
37.740, 0.000
37.750, 0.000
37.760, 0.000
37.770, 0.000
37.780, 0.000
37.790, 0.000
37.800, 0.000
37.810, 0.000
37.820, 0.000
37.830, 0.000
37.840, 0.000
37.850, 0.000
37.860, 0.000
37.870, 0.000
37.880, 0.000
37.890, 0.000
37.900, 0.000
37.910, 0.000
37.920, 0.000
37.930, 0.000
37.940, 0.000
37.950, 0.000
37.960, 0.000
37.970, 0.000
37.980, 0.000
37.990, 0.000
38.000, 0.000
38.010, 0.000
38.020, 0.000
38.030, 0.000
38.040, 0.000
38.050, 0.000
38.060, 0.000
38.070, 0.000
38.080, 0.000
38.090, 0.000
38.100, 0.000
38.110, 0.000
38.120, 0.000
38.130, 0.000
38.140, 0.000
38.150, 0.000
38.160, 0.000
38.170, 0.000
38.180, 0.000
38.190, 0.000
38.200, 0.000
38.210, 0.000
38.220, 0.000
38.230, 0.000
38.240, 0.000
38.250, 0.000
38.260, 0.000
38.270, 0.000
38.280, 0.000
38.290, 0.000
38.300, 0.000
38.310, 0.000
38.320, 0.000
38.330, 0.000
38.340, 0.000
38.350, 0.000
38.360, 0.000
38.370, 0.000
38.380, 0.000
38.390, 0.000
38.400, 0.000
38.410, 0.000
38.420, 0.000
38.430, 0.000
38.440, 0.000
38.450, 0.000
38.460, 0.000
38.470, 0.000
38.480, 0.000
38.490, 0.000
38.500, 0.000
38.510, 0.000
38.520, 0.000
38.530, 0.000
38.540, 0.000
38.550, 0.000
38.560, 0.000
38.570, 0.000
38.580, 0.000
38.590, 0.000
38.600, 0.000
38.610, 0.000
38.620, 0.000
38.630, 0.000
38.640, 0.000
38.650, 0.000
38.660, 0.000
38.670, 0.000
38.680, 0.000
38.690, 0.000
38.700, 0.000
38.710, 0.000
38.720, 0.000
38.730, 0.000
38.740, 0.000
38.750, 0.000
38.760, 0.000
38.770, 0.000
38.780, 0.000
38.790, 0.000
38.800, 0.000
38.810, 0.000
38.820, 0.000
38.830, 0.000
38.840, 0.000
38.850, 0.000
38.860, 0.000
38.870, 0.000
38.880, 0.000
38.890, 0.000
38.900, 0.000
38.910, 0.000
38.920, 0.000
38.930, 0.000
38.940, 0.000
38.950, 0.000
38.960, 0.000
38.970, 0.000
38.980, 0.000
38.990, 0.000
39.000, 0.000
39.010, 0.000
39.020, 0.000
39.030, 0.000
39.040, 0.000
39.050, 0.000
39.060, 0.000
39.070, 0.000
39.080, 0.000
39.090, 0.000
39.100, 0.000
39.110, 0.001
39.120, 0.002
39.130, 0.004
39.140, 0.008
39.150, 0.016
39.160, 0.032
39.170, 0.059
39.180, 0.103
39.190, 0.172
39.200, 0.273
39.210, 0.413
39.220, 0.595
39.230, 0.816
39.240, 1.064
39.250, 1.322
39.260, 1.565
39.270, 1.767
39.280, 1.906
39.290, 1.968
39.300, 1.953
39.310, 1.873
39.320, 1.750
39.330, 1.611
39.340, 1.479
39.350, 1.367
39.360, 1.281
39.370, 1.214
39.380, 1.155
39.390, 1.089
39.400, 1.006
39.410, 0.901
39.420, 0.779
39.430, 0.646
39.440, 0.512
39.450, 0.387
39.460, 0.279
39.470, 0.192
39.480, 0.125
39.490, 0.078
39.500, 0.046
39.510, 0.026
39.520, 0.014
39.530, 0.007
39.540, 0.003
39.550, 0.002
39.560, 0.001
39.570, 0.000
39.580, 0.000
39.590, 0.000
39.600, 0.000
39.610, 0.000
39.620, 0.000
39.630, 0.000
39.640, 0.000
39.650, 0.000
39.660, 0.000
39.670, 0.000
39.680, 0.000
39.690, 0.000
39.700, 0.000
39.710, 0.000
39.720, 0.000
39.730, 0.000
39.740, 0.000
39.750, 0.000
39.760, 0.000
39.770, 0.000
39.780, 0.000
39.790, 0.000
39.800, 0.000
39.810, 0.000
39.820, 0.000
39.830, 0.000
39.840, 0.000
39.850, 0.000
39.860, 0.000
39.870, 0.000
39.880, 0.000
39.890, 0.000
39.900, 0.000
39.910, 0.000
39.920, 0.000
39.930, 0.000
39.940, 0.000
39.950, 0.000
39.960, 0.000
39.970, 0.000
39.980, 0.000
39.990, 0.000
40.000, 0.000
40.010, 0.000
40.020, 0.000
40.030, 0.000
40.040, 0.000
40.050, 0.000
40.060, 0.000
40.070, 0.000
40.080, 0.000
40.090, 0.000
40.100, 0.000
40.110, 0.000
40.120, 0.000
40.130, 0.000
40.140, 0.000
40.150, 0.000
40.160, 0.000
40.170, 0.000
40.180, 0.000
40.190, 0.000
40.200, 0.000
40.210, 0.000
40.220, 0.000
40.230, 0.000
40.240, 0.000
40.250, 0.000
40.260, 0.000
40.270, 0.000
40.280, 0.000
40.290, 0.000
40.300, 0.000
40.310, 0.000
40.320, 0.000
40.330, 0.000
40.340, 0.000
40.350, 0.000
40.360, 0.000
40.370, 0.000
40.380, 0.000
40.390, 0.000
40.400, 0.000
40.410, 0.000
40.420, 0.000
40.430, 0.000
40.440, 0.000
40.450, 0.000
40.460, 0.000
40.470, 0.000
40.480, 0.000
40.490, 0.000
40.500, 0.000
40.510, 0.000
40.520, 0.000
40.530, 0.000
40.540, 0.000
40.550, 0.000
40.560, 0.000
40.570, 0.000
40.580, 0.000
40.590, 0.000
40.600, 0.000
40.610, 0.000
40.620, 0.000
40.630, 0.000
40.640, 0.000
40.650, 0.000
40.660, 0.000
40.670, 0.001
40.680, 0.002
40.690, 0.005
40.700, 0.011
40.710, 0.026
40.720, 0.056
40.730, 0.114
40.740, 0.223
40.750, 0.415
40.760, 0.734
40.770, 1.239
40.780, 1.991
40.790, 3.046
40.800, 4.438
40.810, 6.160
40.820, 8.145
40.830, 10.261
40.840, 12.323
40.850, 14.116
40.860, 15.440
40.870, 16.157
40.880, 16.220
40.890, 15.695
40.900, 14.739
40.910, 13.565
40.920, 12.385
40.930, 11.364
40.940, 10.581
40.950, 10.027
40.960, 9.618
40.970, 9.234
40.980, 8.758
40.990, 8.112
41.000, 7.273
41.010, 6.275
41.020, 5.188
41.030, 4.100
41.040, 3.093
41.050, 2.225
41.060, 1.526
41.070, 0.997
41.080, 0.620
41.090, 0.368
41.100, 0.208
41.110, 0.112
41.120, 0.057
41.130, 0.028
41.140, 0.013
41.150, 0.006
41.160, 0.002
41.170, 0.001
41.180, 0.000
41.190, 0.000
41.200, 0.000
41.210, 0.000
41.220, 0.000
41.230, 0.000
41.240, 0.000
41.250, 0.000
41.260, 0.000
41.270, 0.000
41.280, 0.000
41.290, 0.000
41.300, 0.000
41.310, 0.000
41.320, 0.000
41.330, 0.000
41.340, 0.000
41.350, 0.000
41.360, 0.000
41.370, 0.000
41.380, 0.000
41.390, 0.000
41.400, 0.000
41.410, 0.000
41.420, 0.000
41.430, 0.000
41.440, 0.000
41.450, 0.000
41.460, 0.000
41.470, 0.000
41.480, 0.000
41.490, 0.000
41.500, 0.000
41.510, 0.000
41.520, 0.000
41.530, 0.000
41.540, 0.000
41.550, 0.000
41.560, 0.000
41.570, 0.000
41.580, 0.000
41.590, 0.000
41.600, 0.000
41.610, 0.000
41.620, 0.000
41.630, 0.000
41.640, 0.000
41.650, 0.000
41.660, 0.000
41.670, 0.000
41.680, 0.000
41.690, 0.000
41.700, 0.000
41.710, 0.000
41.720, 0.000
41.730, 0.000
41.740, 0.000
41.750, 0.000
41.760, 0.000
41.770, 0.000
41.780, 0.000
41.790, 0.000
41.800, 0.000
41.810, 0.000
41.820, 0.000
41.830, 0.000
41.840, 0.000
41.850, 0.000
41.860, 0.000
41.870, 0.000
41.880, 0.000
41.890, 0.000
41.900, 0.000
41.910, 0.000
41.920, 0.000
41.930, 0.000
41.940, 0.000
41.950, 0.000
41.960, 0.000
41.970, 0.000
41.980, 0.000
41.990, 0.000
42.000, 0.000
42.010, 0.000
42.020, 0.000
42.030, 0.000
42.040, 0.000
42.050, 0.000
42.060, 0.000
42.070, 0.000
42.080, 0.000
42.090, 0.000
42.100, 0.000
42.110, 0.000
42.120, 0.000
42.130, 0.000
42.140, 0.000
42.150, 0.000
42.160, 0.000
42.170, 0.000
42.180, 0.000
42.190, 0.000
42.200, 0.000
42.210, 0.000
42.220, 0.000
42.230, 0.000
42.240, 0.000
42.250, 0.000
42.260, 0.000
42.270, 0.000
42.280, 0.000
42.290, 0.000
42.300, 0.000
42.310, 0.000
42.320, 0.000
42.330, 0.000
42.340, 0.000
42.350, 0.000
42.360, 0.000
42.370, 0.000
42.380, 0.000
42.390, 0.000
42.400, 0.000
42.410, 0.000
42.420, 0.000
42.430, 0.000
42.440, 0.000
42.450, 0.000
42.460, 0.000
42.470, 0.000
42.480, 0.000
42.490, 0.000
42.500, 0.000
42.510, 0.000
42.520, 0.000
42.530, 0.000
42.540, 0.000
42.550, 0.000
42.560, 0.000
42.570, 0.000
42.580, 0.000
42.590, 0.000
42.600, 0.000
42.610, 0.000
42.620, 0.000
42.630, 0.000
42.640, 0.000
42.650, 0.000
42.660, 0.000
42.670, 0.000
42.680, 0.000
42.690, 0.000
42.700, 0.000
42.710, 0.000
42.720, 0.000
42.730, 0.000
42.740, 0.000
42.750, 0.000
42.760, 0.000
42.770, 0.000
42.780, 0.000
42.790, 0.000
42.800, 0.000
42.810, 0.000
42.820, 0.000
42.830, 0.000
42.840, 0.000
42.850, 0.000
42.860, 0.000
42.870, 0.000
42.880, 0.000
42.890, 0.000
42.900, 0.000
42.910, 0.000
42.920, 0.000
42.930, 0.000
42.940, 0.000
42.950, 0.000
42.960, 0.000
42.970, 0.000
42.980, 0.000
42.990, 0.000
43.000, 0.000
43.010, 0.000
43.020, 0.000
43.030, 0.000
43.040, 0.000
43.050, 0.000
43.060, 0.000
43.070, 0.000
43.080, 0.000
43.090, 0.000
43.100, 0.000
43.110, 0.000
43.120, 0.000
43.130, 0.000
43.140, 0.000
43.150, 0.000
43.160, 0.000
43.170, 0.000
43.180, 0.000
43.190, 0.000
43.200, 0.000
43.210, 0.000
43.220, 0.000
43.230, 0.000
43.240, 0.000
43.250, 0.000
43.260, 0.000
43.270, 0.000
43.280, 0.000
43.290, 0.000
43.300, 0.000
43.310, 0.000
43.320, 0.000
43.330, 0.000
43.340, 0.001
43.350, 0.002
43.360, 0.004
43.370, 0.008
43.380, 0.016
43.390, 0.030
43.400, 0.054
43.410, 0.094
43.420, 0.155
43.430, 0.244
43.440, 0.367
43.450, 0.527
43.460, 0.720
43.470, 0.940
43.480, 1.170
43.490, 1.390
43.500, 1.577
43.510, 1.710
43.520, 1.774
43.530, 1.767
43.540, 1.696
43.550, 1.578
43.560, 1.439
43.570, 1.302
43.580, 1.185
43.590, 1.100
43.600, 1.046
43.610, 1.015
43.620, 0.994
43.630, 0.966
43.640, 0.922
43.650, 0.854
43.660, 0.762
43.670, 0.653
43.680, 0.536
43.690, 0.421
43.700, 0.315
43.710, 0.225
43.720, 0.154
43.730, 0.100
43.740, 0.062
43.750, 0.037
43.760, 0.021
43.770, 0.011
43.780, 0.006
43.790, 0.003
43.800, 0.001
43.810, 0.001
43.820, 0.000
43.830, 0.000
43.840, 0.000
43.850, 0.000
43.860, 0.000
43.870, 0.000
43.880, 0.000
43.890, 0.000
43.900, 0.000
43.910, 0.000
43.920, 0.000
43.930, 0.000
43.940, 0.000
43.950, 0.000
43.960, 0.000
43.970, 0.000
43.980, 0.000
43.990, 0.000
44.000, 0.000
44.010, 0.000
44.020, 0.000
44.030, 0.000
44.040, 0.000
44.050, 0.000
44.060, 0.000
44.070, 0.000
44.080, 0.000
44.090, 0.000
44.100, 0.000
44.110, 0.000
44.120, 0.000
44.130, 0.000
44.140, 0.000
44.150, 0.000
44.160, 0.000
44.170, 0.000
44.180, 0.000
44.190, 0.000
44.200, 0.000
44.210, 0.000
44.220, 0.000
44.230, 0.000
44.240, 0.000
44.250, 0.000
44.260, 0.000
44.270, 0.000
44.280, 0.000
44.290, 0.000
44.300, 0.000
44.310, 0.000
44.320, 0.000
44.330, 0.000
44.340, 0.000
44.350, 0.000
44.360, 0.000
44.370, 0.000
44.380, 0.000
44.390, 0.000
44.400, 0.000
44.410, 0.000
44.420, 0.000
44.430, 0.000
44.440, 0.000
44.450, 0.000
44.460, 0.000
44.470, 0.000
44.480, 0.000
44.490, 0.000
44.500, 0.000
44.510, 0.000
44.520, 0.000
44.530, 0.000
44.540, 0.000
44.550, 0.000
44.560, 0.000
44.570, 0.000
44.580, 0.000
44.590, 0.000
44.600, 0.000
44.610, 0.000
44.620, 0.000
44.630, 0.000
44.640, 0.000
44.650, 0.000
44.660, 0.000
44.670, 0.000
44.680, 0.000
44.690, 0.000
44.700, 0.000
44.710, 0.000
44.720, 0.000
44.730, 0.000
44.740, 0.000
44.750, 0.000
44.760, 0.000
44.770, 0.000
44.780, 0.000
44.790, 0.000
44.800, 0.000
44.810, 0.000
44.820, 0.000
44.830, 0.000
44.840, 0.000
44.850, 0.000
44.860, 0.000
44.870, 0.000
44.880, 0.000
44.890, 0.000
44.900, 0.000
44.910, 0.000
44.920, 0.000
44.930, 0.000
44.940, 0.000
44.950, 0.000
44.960, 0.000
44.970, 0.000
44.980, 0.000
44.990, 0.000
45.000, 0.000
45.010, 0.000
45.020, 0.000
45.030, 0.000
45.040, 0.000
45.050, 0.000
45.060, 0.000
45.070, 0.000
45.080, 0.000
45.090, 0.000
45.100, 0.000
45.110, 0.000
45.120, 0.000
45.130, 0.000
45.140, 0.000
45.150, 0.000
45.160, 0.000
45.170, 0.000
45.180, 0.000
45.190, 0.000
45.200, 0.000
45.210, 0.000
45.220, 0.000
45.230, 0.000
45.240, 0.000
45.250, 0.000
45.260, 0.000
45.270, 0.000
45.280, 0.000
45.290, 0.000
45.300, 0.000
45.310, 0.000
45.320, 0.000
45.330, 0.000
45.340, 0.000
45.350, 0.000
45.360, 0.000
45.370, 0.000
45.380, 0.000
45.390, 0.000
45.400, 0.000
45.410, 0.000
45.420, 0.000
45.430, 0.000
45.440, 0.000
45.450, 0.000
45.460, 0.000
45.470, 0.000
45.480, 0.000
45.490, 0.000
45.500, 0.000
45.510, 0.000
45.520, 0.000
45.530, 0.000
45.540, 0.000
45.550, 0.000
45.560, 0.000
45.570, 0.000
45.580, 0.000
45.590, 0.000
45.600, 0.000
45.610, 0.000
45.620, 0.000
45.630, 0.000
45.640, 0.000
45.650, 0.000
45.660, 0.000
45.670, 0.000
45.680, 0.000
45.690, 0.000
45.700, 0.000
45.710, 0.000
45.720, 0.000
45.730, 0.000
45.740, 0.000
45.750, 0.000
45.760, 0.000
45.770, 0.000
45.780, 0.000
45.790, 0.000
45.800, 0.000
45.810, 0.000
45.820, 0.000
45.830, 0.000
45.840, 0.000
45.850, 0.000
45.860, 0.000
45.870, 0.000
45.880, 0.000
45.890, 0.000
45.900, 0.000
45.910, 0.000
45.920, 0.000
45.930, 0.000
45.940, 0.000
45.950, 0.000
45.960, 0.000
45.970, 0.000
45.980, 0.000
45.990, 0.000
46.000, 0.000
46.010, 0.000
46.020, 0.000
46.030, 0.000
46.040, 0.000
46.050, 0.000
46.060, 0.000
46.070, 0.000
46.080, 0.000
46.090, 0.000
46.100, 0.000
46.110, 0.000
46.120, 0.000
46.130, 0.000
46.140, 0.000
46.150, 0.000
46.160, 0.000
46.170, 0.000
46.180, 0.000
46.190, 0.000
46.200, 0.000
46.210, 0.000
46.220, 0.000
46.230, 0.000
46.240, 0.000
46.250, 0.000
46.260, 0.000
46.270, 0.000
46.280, 0.000
46.290, 0.000
46.300, 0.000
46.310, 0.000
46.320, 0.000
46.330, 0.000
46.340, 0.000
46.350, 0.000
46.360, 0.000
46.370, 0.000
46.380, 0.000
46.390, 0.000
46.400, 0.000
46.410, 0.000
46.420, 0.000
46.430, 0.000
46.440, 0.000
46.450, 0.000
46.460, 0.000
46.470, 0.000
46.480, 0.000
46.490, 0.000
46.500, 0.000
46.510, 0.000
46.520, 0.000
46.530, 0.000
46.540, 0.000
46.550, 0.000
46.560, 0.000
46.570, 0.000
46.580, 0.000
46.590, 0.000
46.600, 0.000
46.610, 0.000
46.620, 0.000
46.630, 0.000
46.640, 0.000
46.650, 0.000
46.660, 0.000
46.670, 0.000
46.680, 0.000
46.690, 0.000
46.700, 0.000
46.710, 0.000
46.720, 0.000
46.730, 0.000
46.740, 0.000
46.750, 0.000
46.760, 0.000
46.770, 0.000
46.780, 0.000
46.790, 0.000
46.800, 0.000
46.810, 0.000
46.820, 0.000
46.830, 0.000
46.840, 0.000
46.850, 0.000
46.860, 0.000
46.870, 0.000
46.880, 0.000
46.890, 0.000
46.900, 0.000
46.910, 0.000
46.920, 0.000
46.930, 0.000
46.940, 0.000
46.950, 0.000
46.960, 0.000
46.970, 0.000
46.980, 0.000
46.990, 0.000
47.000, 0.000
47.010, 0.000
47.020, 0.000
47.030, 0.000
47.040, 0.000
47.050, 0.000
47.060, 0.000
47.070, 0.000
47.080, 0.000
47.090, 0.000
47.100, 0.000
47.110, 0.000
47.120, 0.000
47.130, 0.000
47.140, 0.000
47.150, 0.000
47.160, 0.000
47.170, 0.000
47.180, 0.000
47.190, 0.000
47.200, 0.000
47.210, 0.000
47.220, 0.000
47.230, 0.000
47.240, 0.000
47.250, 0.000
47.260, 0.000
47.270, 0.000
47.280, 0.000
47.290, 0.000
47.300, 0.000
47.310, 0.000
47.320, 0.000
47.330, 0.000
47.340, 0.000
47.350, 0.000
47.360, 0.000
47.370, 0.000
47.380, 0.000
47.390, 0.000
47.400, 0.000
47.410, 0.000
47.420, 0.000
47.430, 0.000
47.440, 0.000
47.450, 0.000
47.460, 0.000
47.470, 0.000
47.480, 0.000
47.490, 0.000
47.500, 0.000
47.510, 0.000
47.520, 0.000
47.530, 0.000
47.540, 0.000
47.550, 0.000
47.560, 0.000
47.570, 0.000
47.580, 0.000
47.590, 0.000
47.600, 0.000
47.610, 0.000
47.620, 0.000
47.630, 0.000
47.640, 0.000
47.650, 0.000
47.660, 0.000
47.670, 0.000
47.680, 0.000
47.690, 0.000
47.700, 0.000
47.710, 0.000
47.720, 0.000
47.730, 0.000
47.740, 0.000
47.750, 0.000
47.760, 0.000
47.770, 0.000
47.780, 0.000
47.790, 0.000
47.800, 0.000
47.810, 0.000
47.820, 0.000
47.830, 0.000
47.840, 0.000
47.850, 0.000
47.860, 0.000
47.870, 0.000
47.880, 0.000
47.890, 0.000
47.900, 0.000
47.910, 0.000
47.920, 0.000
47.930, 0.000
47.940, 0.000
47.950, 0.000
47.960, 0.000
47.970, 0.000
47.980, 0.000
47.990, 0.000
48.000, 0.000
48.010, 0.000
48.020, 0.000
48.030, 0.000
48.040, 0.000
48.050, 0.000
48.060, 0.000
48.070, 0.000
48.080, 0.000
48.090, 0.000
48.100, 0.000
48.110, 0.000
48.120, 0.000
48.130, 0.000
48.140, 0.000
48.150, 0.000
48.160, 0.000
48.170, 0.000
48.180, 0.000
48.190, 0.000
48.200, 0.000
48.210, 0.000
48.220, 0.000
48.230, 0.000
48.240, 0.000
48.250, 0.000
48.260, 0.000
48.270, 0.000
48.280, 0.000
48.290, 0.000
48.300, 0.000
48.310, 0.000
48.320, 0.000
48.330, 0.000
48.340, 0.000
48.350, 0.000
48.360, 0.000
48.370, 0.000
48.380, 0.000
48.390, 0.000
48.400, 0.000
48.410, 0.000
48.420, 0.000
48.430, 0.000
48.440, 0.000
48.450, 0.000
48.460, 0.000
48.470, 0.000
48.480, 0.000
48.490, 0.000
48.500, 0.000
48.510, 0.000
48.520, 0.000
48.530, 0.000
48.540, 0.000
48.550, 0.000
48.560, 0.000
48.570, 0.000
48.580, 0.000
48.590, 0.000
48.600, 0.000
48.610, 0.000
48.620, 0.000
48.630, 0.000
48.640, 0.000
48.650, 0.000
48.660, 0.000
48.670, 0.000
48.680, 0.000
48.690, 0.000
48.700, 0.000
48.710, 0.000
48.720, 0.000
48.730, 0.000
48.740, 0.000
48.750, 0.000
48.760, 0.000
48.770, 0.000
48.780, 0.000
48.790, 0.000
48.800, 0.000
48.810, 0.000
48.820, 0.000
48.830, 0.000
48.840, 0.000
48.850, 0.000
48.860, 0.000
48.870, 0.000
48.880, 0.000
48.890, 0.000
48.900, 0.000
48.910, 0.000
48.920, 0.000
48.930, 0.000
48.940, 0.000
48.950, 0.000
48.960, 0.000
48.970, 0.000
48.980, 0.000
48.990, 0.000
49.000, 0.000
49.010, 0.000
49.020, 0.000
49.030, 0.000
49.040, 0.000
49.050, 0.000
49.060, 0.000
49.070, 0.000
49.080, 0.000
49.090, 0.000
49.100, 0.000
49.110, 0.000
49.120, 0.000
49.130, 0.000
49.140, 0.000
49.150, 0.000
49.160, 0.000
49.170, 0.000
49.180, 0.000
49.190, 0.000
49.200, 0.000
49.210, 0.000
49.220, 0.000
49.230, 0.000
49.240, 0.000
49.250, 0.000
49.260, 0.001
49.270, 0.003
49.280, 0.006
49.290, 0.015
49.300, 0.033
49.310, 0.070
49.320, 0.143
49.330, 0.279
49.340, 0.523
49.350, 0.938
49.360, 1.607
49.370, 2.635
49.380, 4.131
49.390, 6.194
49.400, 8.883
49.410, 12.186
49.420, 15.989
49.430, 20.067
49.440, 24.094
49.450, 27.682
49.460, 30.443
49.470, 32.069
49.480, 32.394
49.490, 31.444
49.500, 29.431
49.510, 26.722
49.520, 23.759
49.530, 20.978
49.540, 18.722
49.550, 17.192
49.560, 16.413
49.570, 16.257
49.580, 16.479
49.590, 16.786
49.600, 16.895
49.610, 16.594
49.620, 15.774
49.630, 14.440
49.640, 12.693
49.650, 10.694
49.660, 8.628
49.670, 6.662
49.680, 4.922
49.690, 3.479
49.700, 2.352
49.710, 1.521
49.720, 0.940
49.730, 0.556
49.740, 0.315
49.750, 0.170
49.760, 0.088
49.770, 0.044
49.780, 0.021
49.790, 0.009
49.800, 0.004
49.810, 0.002
49.820, 0.001
49.830, 0.000
49.840, 0.000
49.850, 0.000
49.860, 0.000
49.870, 0.000
49.880, 0.000
49.890, 0.000
49.900, 0.000
49.910, 0.000
49.920, 0.000
49.930, 0.000
49.940, 0.000
49.950, 0.000
49.960, 0.000
49.970, 0.000
49.980, 0.000
49.990, 0.000
50.000, 0.000
50.010, 0.000
50.020, 0.000
50.030, 0.000
50.040, 0.000
50.050, 0.000
50.060, 0.000
50.070, 0.000
50.080, 0.000
50.090, 0.000
50.100, 0.000
50.110, 0.000
50.120, 0.000
50.130, 0.000
50.140, 0.000
50.150, 0.000
50.160, 0.000
50.170, 0.000
50.180, 0.000
50.190, 0.000
50.200, 0.000
50.210, 0.000
50.220, 0.000
50.230, 0.000
50.240, 0.000
50.250, 0.000
50.260, 0.000
50.270, 0.000
50.280, 0.000
50.290, 0.000
50.300, 0.000
50.310, 0.000
50.320, 0.000
50.330, 0.000
50.340, 0.000
50.350, 0.000
50.360, 0.000
50.370, 0.000
50.380, 0.000
50.390, 0.000
50.400, 0.000
50.410, 0.000
50.420, 0.000
50.430, 0.000
50.440, 0.000
50.450, 0.000
50.460, 0.000
50.470, 0.000
50.480, 0.000
50.490, 0.000
50.500, 0.000
50.510, 0.000
50.520, 0.000
50.530, 0.000
50.540, 0.000
50.550, 0.000
50.560, 0.000
50.570, 0.000
50.580, 0.000
50.590, 0.000
50.600, 0.000
50.610, 0.000
50.620, 0.000
50.630, 0.000
50.640, 0.000
50.650, 0.000
50.660, 0.000
50.670, 0.000
50.680, 0.000
50.690, 0.000
50.700, 0.000
50.710, 0.000
50.720, 0.000
50.730, 0.000
50.740, 0.000
50.750, 0.000
50.760, 0.000
50.770, 0.000
50.780, 0.000
50.790, 0.000
50.800, 0.000
50.810, 0.000
50.820, 0.000
50.830, 0.000
50.840, 0.000
50.850, 0.000
50.860, 0.000
50.870, 0.000
50.880, 0.000
50.890, 0.000
50.900, 0.000
50.910, 0.000
50.920, 0.000
50.930, 0.000
50.940, 0.000
50.950, 0.000
50.960, 0.000
50.970, 0.000
50.980, 0.000
50.990, 0.000
51.000, 0.000
51.010, 0.000
51.020, 0.000
51.030, 0.000
51.040, 0.000
51.050, 0.000
51.060, 0.000
51.070, 0.000
51.080, 0.000
51.090, 0.000
51.100, 0.000
51.110, 0.000
51.120, 0.000
51.130, 0.000
51.140, 0.000
51.150, 0.000
51.160, 0.000
51.170, 0.000
51.180, 0.000
51.190, 0.000
51.200, 0.000
51.210, 0.000
51.220, 0.000
51.230, 0.000
51.240, 0.000
51.250, 0.000
51.260, 0.000
51.270, 0.000
51.280, 0.000
51.290, 0.000
51.300, 0.000
51.310, 0.000
51.320, 0.000
51.330, 0.000
51.340, 0.000
51.350, 0.000
51.360, 0.000
51.370, 0.000
51.380, 0.000
51.390, 0.000
51.400, 0.000
51.410, 0.000
51.420, 0.000
51.430, 0.000
51.440, 0.000
51.450, 0.000
51.460, 0.000
51.470, 0.000
51.480, 0.000
51.490, 0.000
51.500, 0.000
51.510, 0.000
51.520, 0.000
51.530, 0.000
51.540, 0.000
51.550, 0.000
51.560, 0.000
51.570, 0.000
51.580, 0.000
51.590, 0.000
51.600, 0.000
51.610, 0.000
51.620, 0.000
51.630, 0.000
51.640, 0.000
51.650, 0.000
51.660, 0.000
51.670, 0.000
51.680, 0.000
51.690, 0.000
51.700, 0.000
51.710, 0.000
51.720, 0.000
51.730, 0.000
51.740, 0.000
51.750, 0.000
51.760, 0.000
51.770, 0.000
51.780, 0.000
51.790, 0.000
51.800, 0.000
51.810, 0.000
51.820, 0.000
51.830, 0.000
51.840, 0.000
51.850, 0.000
51.860, 0.000
51.870, 0.000
51.880, 0.000
51.890, 0.000
51.900, 0.000
51.910, 0.000
51.920, 0.000
51.930, 0.000
51.940, 0.000
51.950, 0.000
51.960, 0.000
51.970, 0.000
51.980, 0.000
51.990, 0.000
52.000, 0.000
52.010, 0.000
52.020, 0.000
52.030, 0.000
52.040, 0.000
52.050, 0.000
52.060, 0.000
52.070, 0.000
52.080, 0.000
52.090, 0.000
52.100, 0.000
52.110, 0.000
52.120, 0.000
52.130, 0.000
52.140, 0.000
52.150, 0.000
52.160, 0.000
52.170, 0.000
52.180, 0.000
52.190, 0.000
52.200, 0.000
52.210, 0.000
52.220, 0.000
52.230, 0.000
52.240, 0.000
52.250, 0.000
52.260, 0.000
52.270, 0.000
52.280, 0.000
52.290, 0.000
52.300, 0.000
52.310, 0.000
52.320, 0.000
52.330, 0.000
52.340, 0.000
52.350, 0.000
52.360, 0.000
52.370, 0.000
52.380, 0.000
52.390, 0.000
52.400, 0.000
52.410, 0.000
52.420, 0.000
52.430, 0.000
52.440, 0.000
52.450, 0.000
52.460, 0.000
52.470, 0.000
52.480, 0.000
52.490, 0.000
52.500, 0.000
52.510, 0.000
52.520, 0.000
52.530, 0.000
52.540, 0.000
52.550, 0.000
52.560, 0.000
52.570, 0.000
52.580, 0.000
52.590, 0.000
52.600, 0.000
52.610, 0.000
52.620, 0.000
52.630, 0.000
52.640, 0.000
52.650, 0.000
52.660, 0.000
52.670, 0.000
52.680, 0.000
52.690, 0.000
52.700, 0.000
52.710, 0.000
52.720, 0.000
52.730, 0.000
52.740, 0.000
52.750, 0.000
52.760, 0.000
52.770, 0.000
52.780, 0.000
52.790, 0.000
52.800, 0.000
52.810, 0.000
52.820, 0.000
52.830, 0.000
52.840, 0.000
52.850, 0.000
52.860, 0.000
52.870, 0.000
52.880, 0.000
52.890, 0.000
52.900, 0.000
52.910, 0.000
52.920, 0.000
52.930, 0.000
52.940, 0.000
52.950, 0.000
52.960, 0.000
52.970, 0.000
52.980, 0.000
52.990, 0.000
53.000, 0.000
53.010, 0.000
53.020, 0.000
53.030, 0.000
53.040, 0.000
53.050, 0.000
53.060, 0.000
53.070, 0.000
53.080, 0.000
53.090, 0.000
53.100, 0.000
53.110, 0.000
53.120, 0.000
53.130, 0.000
53.140, 0.000
53.150, 0.000
53.160, 0.000
53.170, 0.000
53.180, 0.000
53.190, 0.000
53.200, 0.000
53.210, 0.000
53.220, 0.000
53.230, 0.000
53.240, 0.000
53.250, 0.000
53.260, 0.000
53.270, 0.000
53.280, 0.000
53.290, 0.000
53.300, 0.000
53.310, 0.000
53.320, 0.000
53.330, 0.000
53.340, 0.000
53.350, 0.000
53.360, 0.000
53.370, 0.000
53.380, 0.000
53.390, 0.000
53.400, 0.000
53.410, 0.000
53.420, 0.000
53.430, 0.000
53.440, 0.000
53.450, 0.000
53.460, 0.000
53.470, 0.000
53.480, 0.000
53.490, 0.000
53.500, 0.000
53.510, 0.000
53.520, 0.000
53.530, 0.000
53.540, 0.000
53.550, 0.000
53.560, 0.000
53.570, 0.000
53.580, 0.000
53.590, 0.000
53.600, 0.000
53.610, 0.000
53.620, 0.000
53.630, 0.000
53.640, 0.000
53.650, 0.000
53.660, 0.000
53.670, 0.000
53.680, 0.000
53.690, 0.000
53.700, 0.000
53.710, 0.000
53.720, 0.000
53.730, 0.000
53.740, 0.000
53.750, 0.000
53.760, 0.000
53.770, 0.000
53.780, 0.000
53.790, 0.000
53.800, 0.000
53.810, 0.000
53.820, 0.000
53.830, 0.000
53.840, 0.000
53.850, 0.000
53.860, 0.001
53.870, 0.003
53.880, 0.006
53.890, 0.015
53.900, 0.033
53.910, 0.070
53.920, 0.142
53.930, 0.276
53.940, 0.516
53.950, 0.925
53.960, 1.587
53.970, 2.612
53.980, 4.118
53.990, 6.223
54.000, 9.014
54.010, 12.514
54.020, 16.651
54.030, 21.236
54.040, 25.959
54.050, 30.418
54.060, 34.171
54.070, 36.812
54.080, 38.048
54.090, 37.762
54.100, 36.046
54.110, 33.189
54.120, 29.626
54.130, 25.861
54.140, 22.380
54.150, 19.573
54.160, 17.676
54.170, 16.750
54.180, 16.689
54.190, 17.250
54.200, 18.110
54.210, 18.925
54.220, 19.393
54.230, 19.297
54.240, 18.539
54.250, 17.139
54.260, 15.220
54.270, 12.969
54.280, 10.598
54.290, 8.303
54.300, 6.236
54.310, 4.490
54.320, 3.098
54.330, 2.049
54.340, 1.299
54.350, 0.789
54.360, 0.459
54.370, 0.256
54.380, 0.137
54.390, 0.070
54.400, 0.035
54.410, 0.016
54.420, 0.007
54.430, 0.003
54.440, 0.001
54.450, 0.001
54.460, 0.000
54.470, 0.000
54.480, 0.000
54.490, 0.000
54.500, 0.000
54.510, 0.000
54.520, 0.000
54.530, 0.000
54.540, 0.000
54.550, 0.000
54.560, 0.000
54.570, 0.000
54.580, 0.000
54.590, 0.000
54.600, 0.000
54.610, 0.000
54.620, 0.000
54.630, 0.000
54.640, 0.000
54.650, 0.000
54.660, 0.000
54.670, 0.000
54.680, 0.000
54.690, 0.000
54.700, 0.000
54.710, 0.000
54.720, 0.000
54.730, 0.000
54.740, 0.000
54.750, 0.000
54.760, 0.000
54.770, 0.000
54.780, 0.000
54.790, 0.000
54.800, 0.000
54.810, 0.000
54.820, 0.000
54.830, 0.000
54.840, 0.000
54.850, 0.000
54.860, 0.000
54.870, 0.000
54.880, 0.000
54.890, 0.000
54.900, 0.000
54.910, 0.000
54.920, 0.000
54.930, 0.000
54.940, 0.000
54.950, 0.000
54.960, 0.000
54.970, 0.000
54.980, 0.000
54.990, 0.000
55.000, 0.000
55.010, 0.000
55.020, 0.000
55.030, 0.000
55.040, 0.000
55.050, 0.000
55.060, 0.000
55.070, 0.000
55.080, 0.000
55.090, 0.000
55.100, 0.000
55.110, 0.000
55.120, 0.000
55.130, 0.000
55.140, 0.000
55.150, 0.000
55.160, 0.000
55.170, 0.000
55.180, 0.000
55.190, 0.000
55.200, 0.000
55.210, 0.000
55.220, 0.000
55.230, 0.000
55.240, 0.000
55.250, 0.000
55.260, 0.000
55.270, 0.000
55.280, 0.000
55.290, 0.000
55.300, 0.000
55.310, 0.000
55.320, 0.000
55.330, 0.000
55.340, 0.000
55.350, 0.000
55.360, 0.000
55.370, 0.000
55.380, 0.000
55.390, 0.000
55.400, 0.000
55.410, 0.000
55.420, 0.000
55.430, 0.000
55.440, 0.000
55.450, 0.000
55.460, 0.000
55.470, 0.000
55.480, 0.000
55.490, 0.000
55.500, 0.000
55.510, 0.000
55.520, 0.000
55.530, 0.000
55.540, 0.000
55.550, 0.000
55.560, 0.000
55.570, 0.000
55.580, 0.000
55.590, 0.000
55.600, 0.000
55.610, 0.000
55.620, 0.000
55.630, 0.000
55.640, 0.000
55.650, 0.000
55.660, 0.000
55.670, 0.000
55.680, 0.000
55.690, 0.000
55.700, 0.000
55.710, 0.000
55.720, 0.000
55.730, 0.000
55.740, 0.000
55.750, 0.000
55.760, 0.000
55.770, 0.000
55.780, 0.000
55.790, 0.000
55.800, 0.000
55.810, 0.000
55.820, 0.000
55.830, 0.000
55.840, 0.000
55.850, 0.000
55.860, 0.000
55.870, 0.000
55.880, 0.000
55.890, 0.000
55.900, 0.000
55.910, 0.000
55.920, 0.000
55.930, 0.000
55.940, 0.000
55.950, 0.000
55.960, 0.000
55.970, 0.000
55.980, 0.000
55.990, 0.000
56.000, 0.001
56.010, 0.001
56.020, 0.002
56.030, 0.004
56.040, 0.008
56.050, 0.013
56.060, 0.022
56.070, 0.035
56.080, 0.054
56.090, 0.079
56.100, 0.112
56.110, 0.151
56.120, 0.196
56.130, 0.245
56.140, 0.293
56.150, 0.336
56.160, 0.370
56.170, 0.391
56.180, 0.397
56.190, 0.387
56.200, 0.364
56.210, 0.330
56.220, 0.290
56.230, 0.250
56.240, 0.215
56.250, 0.187
56.260, 0.169
56.270, 0.162
56.280, 0.163
56.290, 0.171
56.300, 0.182
56.310, 0.192
56.320, 0.200
56.330, 0.201
56.340, 0.195
56.350, 0.183
56.360, 0.165
56.370, 0.142
56.380, 0.118
56.390, 0.094
56.400, 0.072
56.410, 0.052
56.420, 0.037
56.430, 0.025
56.440, 0.016
56.450, 0.010
56.460, 0.006
56.470, 0.003
56.480, 0.002
56.490, 0.001
56.500, 0.000
56.510, 0.000
56.520, 0.000
56.530, 0.000
56.540, 0.000
56.550, 0.000
56.560, 0.000
56.570, 0.000
56.580, 0.000
56.590, 0.000
56.600, 0.000
56.610, 0.000
56.620, 0.000
56.630, 0.000
56.640, 0.000
56.650, 0.000
56.660, 0.000
56.670, 0.000
56.680, 0.000
56.690, 0.000
56.700, 0.000
56.710, 0.000
56.720, 0.000
56.730, 0.000
56.740, 0.000
56.750, 0.000
56.760, 0.000
56.770, 0.000
56.780, 0.000
56.790, 0.000
56.800, 0.000
56.810, 0.000
56.820, 0.000
56.830, 0.000
56.840, 0.000
56.850, 0.000
56.860, 0.000
56.870, 0.000
56.880, 0.000
56.890, 0.000
56.900, 0.000
56.910, 0.000
56.920, 0.000
56.930, 0.000
56.940, 0.000
56.950, 0.000
56.960, 0.000
56.970, 0.000
56.980, 0.000
56.990, 0.000
57.000, 0.000
57.010, 0.000
57.020, 0.000
57.030, 0.000
57.040, 0.000
57.050, 0.000
57.060, 0.000
57.070, 0.000
57.080, 0.000
57.090, 0.000
57.100, 0.000
57.110, 0.000
57.120, 0.000
57.130, 0.000
57.140, 0.000
57.150, 0.000
57.160, 0.000
57.170, 0.000
57.180, 0.000
57.190, 0.000
57.200, 0.000
57.210, 0.000
57.220, 0.000
57.230, 0.000
57.240, 0.000
57.250, 0.000
57.260, 0.000
57.270, 0.001
57.280, 0.001
57.290, 0.003
57.300, 0.006
57.310, 0.012
57.320, 0.022
57.330, 0.040
57.340, 0.070
57.350, 0.115
57.360, 0.183
57.370, 0.278
57.380, 0.407
57.390, 0.572
57.400, 0.771
57.410, 0.998
57.420, 1.241
57.430, 1.483
57.440, 1.705
57.450, 1.890
57.460, 2.025
57.470, 2.110
57.480, 2.156
57.490, 2.189
57.500, 2.247
57.510, 2.375
57.520, 2.615
57.530, 3.003
57.540, 3.553
57.550, 4.255
57.560, 5.068
57.570, 5.926
57.580, 6.741
57.590, 7.420
57.600, 7.879
57.610, 8.059
57.620, 7.936
57.630, 7.527
57.640, 6.889
57.650, 6.104
57.660, 5.272
57.670, 4.486
57.680, 3.826
57.690, 3.342
57.700, 3.057
57.710, 2.960
57.720, 3.014
57.730, 3.166
57.740, 3.352
57.750, 3.511
57.760, 3.593
57.770, 3.564
57.780, 3.411
57.790, 3.143
57.800, 2.784
57.810, 2.370
57.820, 1.936
57.830, 1.519
57.840, 1.144
57.850, 0.827
57.860, 0.574
57.870, 0.383
57.880, 0.245
57.890, 0.150
57.900, 0.088
57.910, 0.050
57.920, 0.027
57.930, 0.014
57.940, 0.007
57.950, 0.003
57.960, 0.002
57.970, 0.001
57.980, 0.000
57.990, 0.000
58.000, 0.000
58.010, 0.000
58.020, 0.000
58.030, 0.000
58.040, 0.000
58.050, 0.000
58.060, 0.000
58.070, 0.000
58.080, 0.000
58.090, 0.000
58.100, 0.000
58.110, 0.000
58.120, 0.000
58.130, 0.000
58.140, 0.000
58.150, 0.000
58.160, 0.000
58.170, 0.000
58.180, 0.000
58.190, 0.000
58.200, 0.000
58.210, 0.000
58.220, 0.000
58.230, 0.000
58.240, 0.000
58.250, 0.000
58.260, 0.000
58.270, 0.000
58.280, 0.000
58.290, 0.000
58.300, 0.000
58.310, 0.000
58.320, 0.000
58.330, 0.000
58.340, 0.000
58.350, 0.000
58.360, 0.000
58.370, 0.000
58.380, 0.000
58.390, 0.000
58.400, 0.000
58.410, 0.000
58.420, 0.000
58.430, 0.000
58.440, 0.000
58.450, 0.000
58.460, 0.000
58.470, 0.000
58.480, 0.000
58.490, 0.000
58.500, 0.000
58.510, 0.000
58.520, 0.000
58.530, 0.000
58.540, 0.000
58.550, 0.000
58.560, 0.000
58.570, 0.000
58.580, 0.000
58.590, 0.000
58.600, 0.000
58.610, 0.000
58.620, 0.000
58.630, 0.000
58.640, 0.000
58.650, 0.000
58.660, 0.000
58.670, 0.000
58.680, 0.000
58.690, 0.000
58.700, 0.000
58.710, 0.000
58.720, 0.000
58.730, 0.000
58.740, 0.000
58.750, 0.000
58.760, 0.000
58.770, 0.000
58.780, 0.000
58.790, 0.000
58.800, 0.000
58.810, 0.000
58.820, 0.000
58.830, 0.000
58.840, 0.000
58.850, 0.000
58.860, 0.000
58.870, 0.000
58.880, 0.000
58.890, 0.000
58.900, 0.000
58.910, 0.000
58.920, 0.000
58.930, 0.000
58.940, 0.000
58.950, 0.000
58.960, 0.000
58.970, 0.000
58.980, 0.000
58.990, 0.000
59.000, 0.000
59.010, 0.000
59.020, 0.000
59.030, 0.000
59.040, 0.000
59.050, 0.000
59.060, 0.000
59.070, 0.000
59.080, 0.000
59.090, 0.000
59.100, 0.000
59.110, 0.000
59.120, 0.000
59.130, 0.000
59.140, 0.000
59.150, 0.000
59.160, 0.000
59.170, 0.000
59.180, 0.000
59.190, 0.000
59.200, 0.000
59.210, 0.000
59.220, 0.000
59.230, 0.000
59.240, 0.000
59.250, 0.000
59.260, 0.000
59.270, 0.000
59.280, 0.000
59.290, 0.000
59.300, 0.000
59.310, 0.000
59.320, 0.000
59.330, 0.000
59.340, 0.000
59.350, 0.000
59.360, 0.000
59.370, 0.000
59.380, 0.000
59.390, 0.000
59.400, 0.000
59.410, 0.000
59.420, 0.000
59.430, 0.000
59.440, 0.000
59.450, 0.000
59.460, 0.000
59.470, 0.000
59.480, 0.000
59.490, 0.000
59.500, 0.000
59.510, 0.000
59.520, 0.000
59.530, 0.000
59.540, 0.000
59.550, 0.000
59.560, 0.000
59.570, 0.000
59.580, 0.000
59.590, 0.000
59.600, 0.000
59.610, 0.000
59.620, 0.000
59.630, 0.000
59.640, 0.000
59.650, 0.000
59.660, 0.000
59.670, 0.000
59.680, 0.000
59.690, 0.000
59.700, 0.000
59.710, 0.000
59.720, 0.000
59.730, 0.000
59.740, 0.000
59.750, 0.000
59.760, 0.000
59.770, 0.000
59.780, 0.000
59.790, 0.000
59.800, 0.000
59.810, 0.000
59.820, 0.000
59.830, 0.000
59.840, 0.000
59.850, 0.000
59.860, 0.000
59.870, 0.000
59.880, 0.000
59.890, 0.000
59.900, 0.000
59.910, 0.000
59.920, 0.000
59.930, 0.000
59.940, 0.000
59.950, 0.000
59.960, 0.000
59.970, 0.000
59.980, 0.000
59.990, 0.000
60.000, 0.000
60.010, 0.000
60.020, 0.000
60.030, 0.000
60.040, 0.000
60.050, 0.000
60.060, 0.000
60.070, 0.000
60.080, 0.000
60.090, 0.000
60.100, 0.000
60.110, 0.000
60.120, 0.000
60.130, 0.000
60.140, 0.000
60.150, 0.000
60.160, 0.000
60.170, 0.000
60.180, 0.000
60.190, 0.000
60.200, 0.000
60.210, 0.000
60.220, 0.000
60.230, 0.000
60.240, 0.000
60.250, 0.000
60.260, 0.000
60.270, 0.000
60.280, 0.000
60.290, 0.000
60.300, 0.000
60.310, 0.000
60.320, 0.000
60.330, 0.000
60.340, 0.000
60.350, 0.000
60.360, 0.000
60.370, 0.000
60.380, 0.000
60.390, 0.000
60.400, 0.000
60.410, 0.000
60.420, 0.000
60.430, 0.000
60.440, 0.000
60.450, 0.000
60.460, 0.000
60.470, 0.000
60.480, 0.000
60.490, 0.000
60.500, 0.000
60.510, 0.000
60.520, 0.000
60.530, 0.000
60.540, 0.000
60.550, 0.000
60.560, 0.000
60.570, 0.000
60.580, 0.000
60.590, 0.000
60.600, 0.000
60.610, 0.000
60.620, 0.000
60.630, 0.000
60.640, 0.000
60.650, 0.000
60.660, 0.000
60.670, 0.000
60.680, 0.000
60.690, 0.000
60.700, 0.000
60.710, 0.000
60.720, 0.000
60.730, 0.000
60.740, 0.000
60.750, 0.000
60.760, 0.000
60.770, 0.000
60.780, 0.000
60.790, 0.000
60.800, 0.000
60.810, 0.000
60.820, 0.000
60.830, 0.000
60.840, 0.000
60.850, 0.000
60.860, 0.000
60.870, 0.000
60.880, 0.000
60.890, 0.000
60.900, 0.000
60.910, 0.000
60.920, 0.000
60.930, 0.000
60.940, 0.000
60.950, 0.000
60.960, 0.000
60.970, 0.000
60.980, 0.000
60.990, 0.000
61.000, 0.000
61.010, 0.000
61.020, 0.000
61.030, 0.000
61.040, 0.000
61.050, 0.000
61.060, 0.000
61.070, 0.000
61.080, 0.000
61.090, 0.000
61.100, 0.000
61.110, 0.000
61.120, 0.000
61.130, 0.000
61.140, 0.000
61.150, 0.000
61.160, 0.000
61.170, 0.000
61.180, 0.000
61.190, 0.000
61.200, 0.000
61.210, 0.000
61.220, 0.000
61.230, 0.000
61.240, 0.000
61.250, 0.000
61.260, 0.000
61.270, 0.000
61.280, 0.000
61.290, 0.000
61.300, 0.000
61.310, 0.000
61.320, 0.000
61.330, 0.000
61.340, 0.000
61.350, 0.000
61.360, 0.000
61.370, 0.000
61.380, 0.000
61.390, 0.000
61.400, 0.000
61.410, 0.000
61.420, 0.000
61.430, 0.000
61.440, 0.000
61.450, 0.000
61.460, 0.000
61.470, 0.000
61.480, 0.000
61.490, 0.000
61.500, 0.000
61.510, 0.000
61.520, 0.000
61.530, 0.000
61.540, 0.000
61.550, 0.000
61.560, 0.000
61.570, 0.000
61.580, 0.000
61.590, 0.000
61.600, 0.000
61.610, 0.000
61.620, 0.000
61.630, 0.000
61.640, 0.000
61.650, 0.000
61.660, 0.000
61.670, 0.000
61.680, 0.000
61.690, 0.000
61.700, 0.000
61.710, 0.000
61.720, 0.000
61.730, 0.000
61.740, 0.000
61.750, 0.000
61.760, 0.000
61.770, 0.000
61.780, 0.000
61.790, 0.000
61.800, 0.000
61.810, 0.000
61.820, 0.000
61.830, 0.000
61.840, 0.000
61.850, 0.000
61.860, 0.000
61.870, 0.000
61.880, 0.000
61.890, 0.000
61.900, 0.000
61.910, 0.000
61.920, 0.000
61.930, 0.000
61.940, 0.000
61.950, 0.000
61.960, 0.000
61.970, 0.000
61.980, 0.000
61.990, 0.000
62.000, 0.000
62.010, 0.000
62.020, 0.000
62.030, 0.000
62.040, 0.000
62.050, 0.000
62.060, 0.000
62.070, 0.000
62.080, 0.000
62.090, 0.000
62.100, 0.000
62.110, 0.000
62.120, 0.000
62.130, 0.000
62.140, 0.000
62.150, 0.000
62.160, 0.000
62.170, 0.000
62.180, 0.000
62.190, 0.000
62.200, 0.000
62.210, 0.000
62.220, 0.000
62.230, 0.001
62.240, 0.003
62.250, 0.006
62.260, 0.013
62.270, 0.028
62.280, 0.057
62.290, 0.111
62.300, 0.208
62.310, 0.377
62.320, 0.655
62.330, 1.095
62.340, 1.760
62.350, 2.722
62.360, 4.049
62.370, 5.792
62.380, 7.968
62.390, 10.542
62.400, 13.414
62.410, 16.415
62.420, 19.319
62.430, 21.869
62.440, 23.810
62.450, 24.937
62.460, 25.129
62.470, 24.375
62.480, 22.777
62.490, 20.537
62.500, 17.922
62.510, 15.226
62.520, 12.724
62.530, 10.643
62.540, 9.135
62.550, 8.271
62.560, 8.041
62.570, 8.362
62.580, 9.095
62.590, 10.062
62.600, 11.069
62.610, 11.930
62.620, 12.489
62.630, 12.639
62.640, 12.334
62.650, 11.591
62.660, 10.484
62.670, 9.123
62.680, 7.636
62.690, 6.147
62.700, 4.759
62.710, 3.544
62.720, 2.538
62.730, 1.748
62.740, 1.158
62.750, 0.738
62.760, 0.452
62.770, 0.266
62.780, 0.151
62.790, 0.082
62.800, 0.043
62.810, 0.022
62.820, 0.011
62.830, 0.005
62.840, 0.002
62.850, 0.001
62.860, 0.000
62.870, 0.000
62.880, 0.000
62.890, 0.000
62.900, 0.000
62.910, 0.000
62.920, 0.000
62.930, 0.000
62.940, 0.000
62.950, 0.000
62.960, 0.000
62.970, 0.000
62.980, 0.000
62.990, 0.000
63.000, 0.000
63.010, 0.000
63.020, 0.000
63.030, 0.000
63.040, 0.000
63.050, 0.000
63.060, 0.000
63.070, 0.000
63.080, 0.000
63.090, 0.000
63.100, 0.000
63.110, 0.000
63.120, 0.000
63.130, 0.000
63.140, 0.000
63.150, 0.000
63.160, 0.000
63.170, 0.000
63.180, 0.000
63.190, 0.000
63.200, 0.000
63.210, 0.000
63.220, 0.000
63.230, 0.000
63.240, 0.000
63.250, 0.000
63.260, 0.000
63.270, 0.000
63.280, 0.000
63.290, 0.000
63.300, 0.000
63.310, 0.000
63.320, 0.000
63.330, 0.000
63.340, 0.000
63.350, 0.000
63.360, 0.000
63.370, 0.000
63.380, 0.000
63.390, 0.000
63.400, 0.000
63.410, 0.000
63.420, 0.000
63.430, 0.000
63.440, 0.000
63.450, 0.000
63.460, 0.000
63.470, 0.000
63.480, 0.000
63.490, 0.000
63.500, 0.000
63.510, 0.000
63.520, 0.000
63.530, 0.000
63.540, 0.000
63.550, 0.000
63.560, 0.000
63.570, 0.000
63.580, 0.000
63.590, 0.000
63.600, 0.000
63.610, 0.000
63.620, 0.000
63.630, 0.000
63.640, 0.000
63.650, 0.000
63.660, 0.000
63.670, 0.000
63.680, 0.000
63.690, 0.000
63.700, 0.000
63.710, 0.000
63.720, 0.000
63.730, 0.000
63.740, 0.000
63.750, 0.000
63.760, 0.000
63.770, 0.000
63.780, 0.000
63.790, 0.001
63.800, 0.002
63.810, 0.004
63.820, 0.008
63.830, 0.017
63.840, 0.036
63.850, 0.071
63.860, 0.136
63.870, 0.250
63.880, 0.444
63.890, 0.757
63.900, 1.243
63.910, 1.964
63.920, 2.986
63.930, 4.368
63.940, 6.151
63.950, 8.333
63.960, 10.865
63.970, 13.632
63.980, 16.459
63.990, 19.124
64.000, 21.384
64.010, 23.012
64.020, 23.835
64.030, 23.766
64.040, 22.822
64.050, 21.123
64.060, 18.873
64.070, 16.329
64.080, 13.760
64.090, 11.413
64.100, 9.486
64.110, 8.109
64.120, 7.337
64.130, 7.158
64.140, 7.495
64.150, 8.223
64.160, 9.183
64.170, 10.200
64.180, 11.100
64.190, 11.735
64.200, 11.997
64.210, 11.831
64.220, 11.242
64.230, 10.286
64.240, 9.060
64.250, 7.679
64.260, 6.264
64.270, 4.917
64.280, 3.714
64.290, 2.700
64.300, 1.889
64.310, 1.271
64.320, 0.823
64.330, 0.513
64.340, 0.308
64.350, 0.178
64.360, 0.099
64.370, 0.053
64.380, 0.027
64.390, 0.013
64.400, 0.006
64.410, 0.003
64.420, 0.001
64.430, 0.001
64.440, 0.000
64.450, 0.000
64.460, 0.000
64.470, 0.000
64.480, 0.000
64.490, 0.000
64.500, 0.000
64.510, 0.000
64.520, 0.000
64.530, 0.000
64.540, 0.000
64.550, 0.000
64.560, 0.000
64.570, 0.000
64.580, 0.000
64.590, 0.000
64.600, 0.000
64.610, 0.000
64.620, 0.000
64.630, 0.000
64.640, 0.000
64.650, 0.000
64.660, 0.000
64.670, 0.000
64.680, 0.000
64.690, 0.000
64.700, 0.000
64.710, 0.000
64.720, 0.000
64.730, 0.000
64.740, 0.000
64.750, 0.000
64.760, 0.000
64.770, 0.000
64.780, 0.000
64.790, 0.000
64.800, 0.000
64.810, 0.000
64.820, 0.000
64.830, 0.000
64.840, 0.000
64.850, 0.000
64.860, 0.000
64.870, 0.000
64.880, 0.000
64.890, 0.000
64.900, 0.000
64.910, 0.000
64.920, 0.000
64.930, 0.000
64.940, 0.000
64.950, 0.000
64.960, 0.000
64.970, 0.000
64.980, 0.000
64.990, 0.000
65.000, 0.000
65.010, 0.000
65.020, 0.000
65.030, 0.000
65.040, 0.000
65.050, 0.000
65.060, 0.000
65.070, 0.000
65.080, 0.000
65.090, 0.000
65.100, 0.000
65.110, 0.000
65.120, 0.000
65.130, 0.000
65.140, 0.000
65.150, 0.000
65.160, 0.000
65.170, 0.000
65.180, 0.000
65.190, 0.000
65.200, 0.000
65.210, 0.000
65.220, 0.000
65.230, 0.000
65.240, 0.000
65.250, 0.000
65.260, 0.000
65.270, 0.000
65.280, 0.000
65.290, 0.000
65.300, 0.000
65.310, 0.000
65.320, 0.000
65.330, 0.000
65.340, 0.000
65.350, 0.000
65.360, 0.000
65.370, 0.000
65.380, 0.000
65.390, 0.000
65.400, 0.000
65.410, 0.000
65.420, 0.000
65.430, 0.000
65.440, 0.000
65.450, 0.000
65.460, 0.000
65.470, 0.000
65.480, 0.000
65.490, 0.000
65.500, 0.000
65.510, 0.000
65.520, 0.000
65.530, 0.000
65.540, 0.000
65.550, 0.000
65.560, 0.000
65.570, 0.000
65.580, 0.000
65.590, 0.000
65.600, 0.000
65.610, 0.000
65.620, 0.000
65.630, 0.000
65.640, 0.000
65.650, 0.000
65.660, 0.000
65.670, 0.000
65.680, 0.000
65.690, 0.000
65.700, 0.000
65.710, 0.000
65.720, 0.000
65.730, 0.000
65.740, 0.000
65.750, 0.000
65.760, 0.000
65.770, 0.000
65.780, 0.000
65.790, 0.000
65.800, 0.000
65.810, 0.000
65.820, 0.000
65.830, 0.000
65.840, 0.000
65.850, 0.000
65.860, 0.000
65.870, 0.000
65.880, 0.001
65.890, 0.001
65.900, 0.002
65.910, 0.004
65.920, 0.007
65.930, 0.012
65.940, 0.018
65.950, 0.027
65.960, 0.039
65.970, 0.054
65.980, 0.072
65.990, 0.092
66.000, 0.114
66.010, 0.137
66.020, 0.157
66.030, 0.173
66.040, 0.185
66.050, 0.189
66.060, 0.187
66.070, 0.178
66.080, 0.163
66.090, 0.145
66.100, 0.125
66.110, 0.104
66.120, 0.086
66.130, 0.070
66.140, 0.060
66.150, 0.053
66.160, 0.052
66.170, 0.054
66.180, 0.060
66.190, 0.068
66.200, 0.076
66.210, 0.084
66.220, 0.091
66.230, 0.094
66.240, 0.095
66.250, 0.092
66.260, 0.086
66.270, 0.077
66.280, 0.067
66.290, 0.055
66.300, 0.045
66.310, 0.034
66.320, 0.026
66.330, 0.018
66.340, 0.013
66.350, 0.008
66.360, 0.005
66.370, 0.003
66.380, 0.002
66.390, 0.001
66.400, 0.001
66.410, 0.000
66.420, 0.000
66.430, 0.000
66.440, 0.000
66.450, 0.000
66.460, 0.000
66.470, 0.000
66.480, 0.000
66.490, 0.000
66.500, 0.000
66.510, 0.000
66.520, 0.000
66.530, 0.000
66.540, 0.000
66.550, 0.000
66.560, 0.000
66.570, 0.000
66.580, 0.000
66.590, 0.000
66.600, 0.000
66.610, 0.000
66.620, 0.000
66.630, 0.000
66.640, 0.000
66.650, 0.000
66.660, 0.000
66.670, 0.000
66.680, 0.000
66.690, 0.000
66.700, 0.000
66.710, 0.000
66.720, 0.000
66.730, 0.000
66.740, 0.000
66.750, 0.000
66.760, 0.000
66.770, 0.000
66.780, 0.000
66.790, 0.000
66.800, 0.000
66.810, 0.000
66.820, 0.000
66.830, 0.000
66.840, 0.000
66.850, 0.000
66.860, 0.000
66.870, 0.000
66.880, 0.000
66.890, 0.000
66.900, 0.000
66.910, 0.000
66.920, 0.000
66.930, 0.000
66.940, 0.000
66.950, 0.000
66.960, 0.000
66.970, 0.000
66.980, 0.000
66.990, 0.000
67.000, 0.000
67.010, 0.000
67.020, 0.000
67.030, 0.000
67.040, 0.000
67.050, 0.000
67.060, 0.000
67.070, 0.000
67.080, 0.000
67.090, 0.000
67.100, 0.000
67.110, 0.000
67.120, 0.000
67.130, 0.000
67.140, 0.000
67.150, 0.000
67.160, 0.000
67.170, 0.000
67.180, 0.000
67.190, 0.000
67.200, 0.000
67.210, 0.000
67.220, 0.000
67.230, 0.000
67.240, 0.000
67.250, 0.000
67.260, 0.000
67.270, 0.000
67.280, 0.000
67.290, 0.000
67.300, 0.000
67.310, 0.000
67.320, 0.000
67.330, 0.000
67.340, 0.000
67.350, 0.000
67.360, 0.000
67.370, 0.000
67.380, 0.000
67.390, 0.000
67.400, 0.000
67.410, 0.000
67.420, 0.000
67.430, 0.000
67.440, 0.000
67.450, 0.000
67.460, 0.000
67.470, 0.000
67.480, 0.000
67.490, 0.000
67.500, 0.000
67.510, 0.000
67.520, 0.000
67.530, 0.000
67.540, 0.000
67.550, 0.000
67.560, 0.000
67.570, 0.000
67.580, 0.000
67.590, 0.000
67.600, 0.000
67.610, 0.000
67.620, 0.000
67.630, 0.000
67.640, 0.000
67.650, 0.000
67.660, 0.000
67.670, 0.000
67.680, 0.000
67.690, 0.000
67.700, 0.000
67.710, 0.000
67.720, 0.000
67.730, 0.000
67.740, 0.000
67.750, 0.000
67.760, 0.000
67.770, 0.000
67.780, 0.000
67.790, 0.000
67.800, 0.000
67.810, 0.000
67.820, 0.000
67.830, 0.000
67.840, 0.000
67.850, 0.000
67.860, 0.000
67.870, 0.000
67.880, 0.000
67.890, 0.000
67.900, 0.000
67.910, 0.000
67.920, 0.000
67.930, 0.000
67.940, 0.000
67.950, 0.000
67.960, 0.000
67.970, 0.000
67.980, 0.000
67.990, 0.000
68.000, 0.000
68.010, 0.000
68.020, 0.000
68.030, 0.000
68.040, 0.000
68.050, 0.000
68.060, 0.000
68.070, 0.000
68.080, 0.000
68.090, 0.000
68.100, 0.000
68.110, 0.000
68.120, 0.000
68.130, 0.000
68.140, 0.000
68.150, 0.000
68.160, 0.000
68.170, 0.000
68.180, 0.000
68.190, 0.000
68.200, 0.000
68.210, 0.000
68.220, 0.000
68.230, 0.000
68.240, 0.000
68.250, 0.000
68.260, 0.000
68.270, 0.000
68.280, 0.000
68.290, 0.000
68.300, 0.000
68.310, 0.000
68.320, 0.000
68.330, 0.000
68.340, 0.000
68.350, 0.000
68.360, 0.000
68.370, 0.000
68.380, 0.000
68.390, 0.000
68.400, 0.000
68.410, 0.000
68.420, 0.000
68.430, 0.000
68.440, 0.000
68.450, 0.000
68.460, 0.000
68.470, 0.000
68.480, 0.000
68.490, 0.000
68.500, 0.000
68.510, 0.000
68.520, 0.000
68.530, 0.000
68.540, 0.000
68.550, 0.000
68.560, 0.000
68.570, 0.000
68.580, 0.000
68.590, 0.000
68.600, 0.000
68.610, 0.000
68.620, 0.000
68.630, 0.000
68.640, 0.000
68.650, 0.000
68.660, 0.000
68.670, 0.000
68.680, 0.000
68.690, 0.000
68.700, 0.000
68.710, 0.000
68.720, 0.000
68.730, 0.000
68.740, 0.000
68.750, 0.000
68.760, 0.000
68.770, 0.000
68.780, 0.000
68.790, 0.000
68.800, 0.000
68.810, 0.000
68.820, 0.000
68.830, 0.000
68.840, 0.000
68.850, 0.000
68.860, 0.000
68.870, 0.000
68.880, 0.000
68.890, 0.000
68.900, 0.000
68.910, 0.000
68.920, 0.000
68.930, 0.000
68.940, 0.000
68.950, 0.000
68.960, 0.000
68.970, 0.000
68.980, 0.000
68.990, 0.000
69.000, 0.000
69.010, 0.000
69.020, 0.000
69.030, 0.000
69.040, 0.000
69.050, 0.000
69.060, 0.000
69.070, 0.000
69.080, 0.000
69.090, 0.000
69.100, 0.000
69.110, 0.000
69.120, 0.000
69.130, 0.000
69.140, 0.000
69.150, 0.000
69.160, 0.000
69.170, 0.000
69.180, 0.000
69.190, 0.000
69.200, 0.000
69.210, 0.000
69.220, 0.000
69.230, 0.000
69.240, 0.000
69.250, 0.000
69.260, 0.000
69.270, 0.000
69.280, 0.000
69.290, 0.000
69.300, 0.000
69.310, 0.000
69.320, 0.000
69.330, 0.000
69.340, 0.000
69.350, 0.000
69.360, 0.000
69.370, 0.000
69.380, 0.000
69.390, 0.000
69.400, 0.001
69.410, 0.001
69.420, 0.003
69.430, 0.006
69.440, 0.011
69.450, 0.021
69.460, 0.037
69.470, 0.062
69.480, 0.103
69.490, 0.163
69.500, 0.250
69.510, 0.369
69.520, 0.525
69.530, 0.721
69.540, 0.954
69.550, 1.218
69.560, 1.498
69.570, 1.778
69.580, 2.034
69.590, 2.244
69.600, 2.387
69.610, 2.449
69.620, 2.422
69.630, 2.312
69.640, 2.129
69.650, 1.893
69.660, 1.629
69.670, 1.360
69.680, 1.110
69.690, 0.897
69.700, 0.732
69.710, 0.624
69.720, 0.573
69.730, 0.576
69.740, 0.626
69.750, 0.713
69.760, 0.823
69.770, 0.942
69.780, 1.055
69.790, 1.147
69.800, 1.207
69.810, 1.227
69.820, 1.203
69.830, 1.139
69.840, 1.039
69.850, 0.914
69.860, 0.776
69.870, 0.635
69.880, 0.501
69.890, 0.381
69.900, 0.279
69.910, 0.198
69.920, 0.135
69.930, 0.089
69.940, 0.056
69.950, 0.034
69.960, 0.020
69.970, 0.012
69.980, 0.006
69.990, 0.003
70.000, 0.002